1 0.618343 0.183202 0.151384 0.207722
1 0.253081 0.80397 0.157551 0.190757
1 0.424958 0.18049 0.144874 0.196498
1 0.473786 0.838301 0.146787 0.181273
1 0.85074 0.500466 0.170983 0.223036
1 0.236916 0.205891 0.151429 0.188699
1 0.509098 0.373652 0.148738 0.1929
0 0.196647 0.463843 0.102525 0.116739
0 0.505145 0.589299 0.0799227 0.18283
0 0.873256 0.799671 0.103493 0.14424
0 0.633635 0.645799 0.0825586 0.0972279
0 0.700564 0.908119 0.0999031 0.130002
0 0.333802 0.364951 0.0879779 0.112641
0 0.382988 0.625964 0.0896334 0.123769
0 0.672467 0.402885 0.0896118 0.106564
0 0.785402 0.139982 0.14127 0.125406
