0 0.1744025735294118 0.22426470588235298 0.1861213235294118 0.23529411764705885
1 0.4618566176470588 0.2849264705882353 0.1488970588235295 0.19117647058823525
0 0.6514246323529411 0.20404411764705885 0.06755514705882362 0.11029411764705886
0 0.8658088235294119 0.22426470588235292 0.0992647058823529 0.1213235294117647
0 0.9209558823529411 0.5726102941176471 0.1351102941176471 0.17095588235294124
0 0.6900275735294119 0.5367647058823529 0.14476102941176477 0.18014705882352935
0 0.43910845588235303 0.5147058823529411 0.12821691176470587 0.16911764705882348
0 0.21438419117647062 0.5634191176470589 0.1557904411764706 0.20036764705882348
1 0.17302389705882354 0.8253676470588235 0.18060661764705885 0.22058823529411753
0 0.45634191176470595 0.8639705882352942 0.14613970588235298 0.14705882352941174
1 0.6741727941176472 0.8180147058823529 0.1351102941176471 0.20220588235294115
0 0.9009650735294119 0.84375 0.15027573529411767 0.1985294117647058
