0 0.1840533088235294 0.36672794117647056 0.1282169117647059 0.10845588235294117
1 0.3970588235294118 0.23621323529411767 0.1875 0.24080882352941177
0 0.6314338235294119 0.40625 0.06066176470588239 0.0514705882352942
0 0.778952205882353 0.4806985294117648 0.07720588235294117 0.0974264705882353
0 0.9271599264705884 0.7509191176470589 0.05928308823529406 0.07169117647058812
0 0.7141544117647061 0.8290441176470589 0.1323529411764706 0.15441176470588233
0 0.5645680147058824 0.7665441176470587 0.08961397058823546 0.11764705882352908
1 0.6038602941176469 0.5762867647058824 0.21507352941176458 0.24816176470588278
1 0.3777573529411765 0.5560661764705883 0.19025735294117652 0.2408088235294118
0 0.29986213235294124 0.8943014705882354 0.10891544117647062 0.13419117647058826
0 0.11029411764705883 0.5193014705882352 0.08823529411764706 0.0974264705882353
