1 0.10684742647058826 0.14154411764705885 0.16130514705882354 0.2058823529411765
1 0.3419117647058824 0.1672794117647059 0.1488970588235294 0.18382352941176475
0 0.5721507352941176 0.1948529411764706 0.08272058823529406 0.2022058823529412
0 0.7306985294117646 0.24724264705882354 0.10477941176470594 0.1415441176470588
1 0.9168198529411765 0.39889705882352944 0.14062500000000014 0.2058823529411764
1 0.7451746323529411 0.4981617647058823 0.1254595588235294 0.16911764705882354
0 0.5921415441176471 0.5055147058823529 0.10340073529411761 0.1397058823529411
0 0.43083639705882354 0.44209558823529416 0.09512867647058826 0.1488970588235294
0 0.7100183823529409 0.7343750000000004 0.10753676470588192 0.13786764705882337
0 0.9395680147058825 0.7426470588235294 0.07858455882352956 0.13970588235294115
0 0.5114889705882354 0.78125 0.12132352941176477 0.2279411764705884
0 0.3439797794117647 0.7849264705882354 0.13097426470588233 0.1323529411764706
0 0.13304227941176472 0.8060661764705881 0.14200367647058823 0.15257352941176477
1 0.21093750000000003 0.42922794117647056 0.13786764705882354 0.1636029411764706
