0 0.2371323529411765 0.0818014705882353 0.06341911764705883 0.1011029411764706
1 0.36259191176470595 0.1323529411764706 0.1544117647058824 0.1875
1 0.5314797794117648 0.14154411764705885 0.1420036764705882 0.2022058823529412
1 0.7541360294117648 0.16819852941176472 0.15716911764705885 0.2077205882352941
0 0.8630514705882354 0.322610294117647 0.1047794117647058 0.08639705882352938
0 0.9250919117647061 0.5625 0.08547794117647058 0.10661764705882362
0 0.8251378676470589 0.78125 0.07858455882352942 0.1029411764705884
1 0.6093750000000001 0.8051470588235294 0.1709558823529413 0.21691176470588233
0 0.4356617647058824 0.7518382352941176 0.14338235294117652 0.19117647058823523
1 0.25298713235294124 0.8161764705882354 0.14200367647058829 0.202205882352941
0 0.26884191176470584 0.6047794117647058 0.07996323529411764 0.11764705882352942
0 0.46185661764705893 0.5294117647058824 0.07996323529411768 0.1213235294117647
1 0.42738970588235303 0.3455882352941177 0.13786764705882354 0.19117647058823528
1 0.5921415441176471 0.349264705882353 0.14751838235294115 0.19485294117647062
1 0.7596507352941176 0.46966911764705904 0.15992647058823528 0.19669117647058842
0 0.5838694852941176 0.6222426470588235 0.08685661764705876 0.0974264705882353
0 0.04067095588235294 0.5516544089597815 0.08134191176470588 0.1253676414489746
0 0.15303308823529413 0.2803308823529412 0.07996323529411763 0.10845588235294117
0 0.2288602941176471 0.27022058823529416 0.06893382352941177 0.11764705882352942
