0 0.1723345588235294 0.18841911764705885 0.12959558823529413 0.2371323529411765
0 0.38671875000000006 0.11213235294117646 0.1254595588235294 0.19117647058823528
0 0.6452205882352942 0.19117647058823528 0.1323529411764706 0.1360294117647059
0 0.872702205882353 0.2913602941176471 0.0827205882352942 0.13786764705882354
1 0.8671874999999999 0.5229779411764706 0.14889705882352935 0.20404411764705865
0 0.6142003676470589 0.4963235294117645 0.13373161764705885 0.18749999999999953
0 0.3970588235294118 0.6148897058823529 0.0992647058823529 0.10845588235294108
0 0.15372242647058826 0.511029411764706 0.16130514705882354 0.20220588235294124
0 0.14062500000000003 0.7352941176470589 0.10753676470588236 0.10661764705882348
0 0.3033088235294118 0.8621323529411765 0.11029411764705883 0.19117647058823536
0 0.596966911764706 0.8134191176470589 0.11856617647058833 0.21875
0 0.8637408088235295 0.775735294117647 0.13924632352941174 0.23161764705882362
