0 0.8527113970588236 0.44485294117647056 0.03998161764705884 0.06617647058823536
0 0.9237132352941176 0.5284926470588235 0.01930147058823522 0.03860294117647065
1 0.7417279411764707 0.35294117647058826 0.12959558823529405 0.20955882352941177
1 0.6011029411764707 0.27941176470588236 0.1323529411764706 0.19852941176470587
1 0.45220588235294124 0.19761029411764708 0.1488970588235294 0.18933823529411767
0 0.30606617647058826 0.31893382352941174 0.057904411764705906 0.09375
1 0.15441176470588236 0.3731617647058823 0.15441176470588236 0.19852941176470587
1 0.09581801470588236 0.6102941176470589 0.18612132352941177 0.22426470588235284
0 0.17026654411764708 0.818014705882353 0.08685661764705882 0.10661764705882362
1 0.32743566176470595 0.7086397058823529 0.15027573529411772 0.21875
0 0.43290441176470595 0.9365808823529411 0.08272058823529413 0.07536764705882348
0 0.4901194852941177 0.6102941176470589 0.10064338235294124 0.15808823529411767
1 0.6183363970588236 0.5082720588235294 0.16681985294117638 0.23345588235294115
0 0.7624080882352942 0.6856617647058824 0.07720588235294117 0.08823529411764695
0 0.6286764705882354 0.8014705882352942 0.08823529411764702 0.1875
1 0.29986213235294124 0.5110294117647058 0.13373161764705885 0.20588235294117652
0 0.4694393382352942 0.4080882352941177 0.07582720588235298 0.11397058823529413
