0 0.16594175491679278 0.29227941176470584 0.23742435703479578 0.24264705882352938
0 0.43208680030257185 0.19117647058823528 0.2208301815431165 0.23161764705882354
0 0.6675964447806354 0.10845588235294118 0.21444780635400904 0.21323529411764708
0 0.9008131618759455 0.2959558823529412 0.1983736762481088 0.2610294117647059
0 0.6644052571860817 0.3961397058823529 0.22083018154311645 0.22977941176470587
0 0.3918778366111952 0.5275735294117647 0.22721255673222399 0.26102941176470595
0 0.10722390317700455 0.6693014677833108 0.2144478063540091 0.30183822968426866
0 0.34528649773071085 0.863970588235294 0.2769950832072616 0.2720588235294113
0 0.6490875567322238 0.7628676470588235 0.26167738275340385 0.32352941176470595
0 0.9033661119515886 0.6341911764705883 0.19326777609682297 0.29411764705882354
