1 0.20473345588235298 0.2003676470588235 0.19990808823529413 0.25735294117647056
1 0.39981617647058826 0.22977941176470587 0.17095588235294115 0.19852941176470587
1 0.8444393382352942 0.15533088235294118 0.19439338235294115 0.2959558823529412
1 0.8347886029411765 0.45955882352941174 0.2467830882352942 0.33455882352941174
1 0.6169577205882354 0.4540441176470588 0.22748161764705885 0.3308823529411765
1 0.3853400735294118 0.4944852941176471 0.23023897058823525 0.3014705882352942
1 0.1633731617647059 0.45955882352941174 0.24126838235294124 0.275735294117647
1 0.40602022058823534 0.7941176470588235 0.22196691176470598 0.28308823529411753
1 0.6238511029411766 0.7996323529411765 0.2054227941176471 0.31617647058823534
0 0.802389705882353 0.8878676470588235 0.09099264705882348 0.1801470588235294
0 0.19921875 0.755514705882353 0.13924632352941177 0.20955882352941174
0 0.6417738970588235 0.24724264705882354 0.09512867647058826 0.12316176470588236
