1 0.15992647058823534 0.35477941176470584 0.14062500000000003 0.20220588235294115
0 0.3267463235294118 0.28308823529411764 0.057904411764705836 0.08088235294117645
1 0.7300091911764706 0.13786764705882354 0.17784926470588233 0.2022058823529412
1 0.6052389705882354 0.302389705882353 0.140625 0.17830882352941177
1 0.4653033088235295 0.37132352941176466 0.1475183823529413 0.19852941176470587
0 0.46806066176470595 0.6213235294117646 0.06479779411764702 0.09558823529411761
1 0.6403952205882354 0.5193014705882352 0.1695772058823529 0.21507352941176472
0 0.7782628676470589 0.6341911764705883 0.1006433823529413 0.13602941176470587
0 0.7196691176470589 0.6746323529411765 0.06617647058823523 0.08088235294117659
1 0.7499999999999999 0.359375 0.06341911764705833 0.08272058823529406
0 0.8210018382352942 0.4430147058823529 0.02619485294117652 0.04411764705882355
1 0.9161305147058825 0.5045955882352942 0.1530330882352942 0.20036764705882348
1 0.9209558823529413 0.7454044117647058 0.12683823529411767 0.1636029411764706
0 0.7734375 0.869485294117647 0.05514705882352942 0.10294117647058826
0 0.6948529411764707 0.8373161764705883 0.07169117647058826 0.09375
1 0.4666819852941177 0.8363970588235294 0.15027573529411767 0.1985294117647058
0 0.3370863970588236 0.6461397058823526 0.06479779411764704 0.07904411764705863
1 0.31364889705882354 0.5064338235294117 0.14751838235294115 0.18566176470588233
0 0.13855698529411767 0.5680147058823529 0.1006433823529412 0.10294117647058826
1 0.14613970588235295 0.8198529411764706 0.18198529411764708 0.2389705882352942
