1 0.31126326677459976 0.027573529411764705 0.226142291779097 0.05514705882352941
1 0.5437578701205252 0.07169117647058823 0.23884691491275398 0.08088235294117646
1 0.055900341788091376 0.03676470588235294 0.11180068357618275 0.07352941176470588
1 0.15753732685734845 0.13143382352941177 0.24392876416621692 0.09375
1 0.40273655333693115 0.20128676470588236 0.28712448282065123 0.1158088235294118
1 0.8270709660010792 0.13786764705882354 0.24646968879294845 0.10661764705882351
1 0.7228930563050908 0.28952205882352944 0.30745187983450245 0.1709558823529412
1 0.947202734304731 0.03492647058823529 0.10559453139053787 0.06985294117647058
1 0.372245457816154 0.4375 0.3582703723691311 0.20955882352941174
1 0.0863914373088685 0.2814338207244873 0.172782874617737 0.14669118208043713
1 0.10417790969598849 0.6812499971950756 0.20835581939197698 0.3286764761980842
1 0.7820426335671883 0.6746323529411765 0.4359147328656233 0.30147058823529405
1 0.3785977693829825 0.8988970588235294 0.6250674581759309 0.20220588235294115
