1 0.058659791113595094 0.09650735294117646 0.11248166131060502 0.18566176470588236
1 0.23403442433980723 0.09926470588235294 0.16327983093474915 0.19117647058823528
1 0.4148517185971777 0.11029411764705882 0.16448931116389554 0.22058823529411764
1 0.6011116738857063 0.11764705882352942 0.15723242978901786 0.23161764705882354
1 0.7813242280285035 0.11856617647058823 0.18142203437194354 0.23713235294117646
1 0.9414602836383961 0.11856617647058823 0.11707943272320805 0.23713235294117646
1 0.9366223627218109 0.3768382352941177 0.1267552745563782 0.2316176470588235
1 0.7807194879139305 0.38327205882352944 0.18021255414279735 0.2591911764705882
1 0.5992974535419869 0.3768382352941176 0.16811775185133443 0.24999999999999997
1 0.4148517185971777 0.37959558823529416 0.16932723208048067 0.24080882352941174
1 0.23887234525639237 0.3731617647058823 0.17295567276791954 0.2279411764705882
1 0.06894037306133856 0.3779411736656638 0.13788074612267712 0.23749999439015107
1 0.06833563294676541 0.6527573501362519 0.13667126589353082 0.23933822968426874
1 0.2304059836523683 0.6534926470588235 0.18021255414279733 0.22610294117647065
1 0.4172706790554702 0.6525735294117646 0.16207035070560294 0.2132352941176471
1 0.607763815146011 0.6525735294117648 0.16811775185133435 0.24632352941176472
1 0.7849526687159425 0.6580882352941176 0.14755658795584736 0.22794117647058826
1 0.9402508034092497 0.650735294117647 0.11949839318150055 0.2242647058823529
1 0.9384365830655303 0.8988970588235294 0.12312683386893937 0.20220588235294115
1 0.7770910472264916 0.9034926470588235 0.1777935936845047 0.1930147058823529
1 0.5938547925108286 0.9126838235294117 0.1669082716221881 0.17463235294117652
1 0.4208991197429091 0.9053308823529411 0.16448931116389554 0.18933823529411767
1 0.23161546388151463 0.9044117647058824 0.17537463322621213 0.19117647058823523
1 0.06773089283219226 0.8998161764705883 0.13546178566438452 0.20036764705882348
