1 0.03298109273563 0.3420935378042786 0.06596218547126 0.30111357894931445
1 0.16433682414822534 0.3262806236080178 0.18082737051604034 0.3496659242761692
1 0.3599488224423068 0.3229398663697105 0.17400369615694458 0.3385300668151448
1 0.551011704496991 0.3229398663697104 0.18082737051604034 0.32962138084632514
1 0.7409373074918258 0.33518930957683735 0.18082737051604028 0.33184855233853006
1 0.9230678102639436 0.31870823713612717 0.15386437947211293 0.3389754943167978
1 0.9731080888973132 0.6505567894746572 0.05378382220537361 0.3167037793947487
1 0.8393119461687912 0.6859688195991092 0.18651376581528695 0.33407572383073486
1 0.648249064114107 0.6592427616926503 0.1751409752167938 0.34743875278396436
1 0.4514997867601758 0.667037861915367 0.19561199829408035 0.34521158129175916
1 0.25816234658579346 0.6592427616926504 0.18196464957588968 0.3118040089086859
1 0.07733497606975312 0.6605790611895793 0.15466995213950624 0.331403124836877
