1 0.1626838235294118 0.22794117647058823 0.16819852941176475 0.19852941176470587
0 0.41015625 0.17830882352941174 0.16957720588235298 0.26838235294117646
0 0.6865808823529411 0.25275735294117646 0.07169117647058826 0.12316176470588236
0 0.8520220588235294 0.21691176470588233 0.08547794117647052 0.14338235294117643
0 0.8816636029411765 0.5147058823529411 0.09512867647058826 0.1875
0 0.6838235294117648 0.4825367647058823 0.11580882352941188 0.24448529411764702
0 0.4556525735294118 0.5027573529411764 0.10340073529411768 0.20772058823529405
0 0.14958639705882354 0.5496323529411765 0.15027573529411767 0.19852941176470587
1 0.19163602941176472 0.7941176470588235 0.16544117647058826 0.20588235294117652
1 0.44462316176470595 0.7867647058823529 0.14476102941176472 0.19117647058823536
0 0.6217830882352942 0.7637867647058824 0.1323529411764706 0.17095588235294115
0 0.8651194852941176 0.7830882352941176 0.11443014705882362 0.20588235294117638
