1 0.6865808823529411 0.12683823529411767 0.16544117647058826 0.23529411764705885
1 0.8740808823529413 0.20220588235294115 0.17371323529411767 0.26838235294117646
1 0.298483455882353 0.23069852941176472 0.1613051470588235 0.18566176470588233
1 0.375 0.7711397058823529 0.21783088235294124 0.29963235294117646
1 0.85546875 0.7068014705882354 0.21369485294117652 0.35110294117647056
1 0.5997242647058825 0.698529411764706 0.2619485294117647 0.338235294117647
1 0.626608455882353 0.38419117647058826 0.1999080882352942 0.27941176470588236
1 0.12339154411764708 0.7492647030774284 0.24678308823529416 0.3624999943901511
0 0.39921875 0.43541666666666673 0.1515625 0.19583333333333336
0 0.4970128676470588 0.19669117647058826 0.08134191176470587 0.08455882352941177
0 0.16268382352941177 0.4071691176470588 0.13786764705882354 0.24816176470588236
0 0.778952205882353 0.38419117647058826 0.0827205882352942 0.12867647058823528
