1 0.15441176470588236 0.20863970588235298 0.16544117647058826 0.19301470588235298
0 0.4322150735294118 0.2104779411764706 0.08134191176470594 0.06801470588235294
1 0.5983455882352942 0.23621323529411767 0.15992647058823523 0.19301470588235298
0 0.8120404411764707 0.33455882352941174 0.09099264705882362 0.11764705882352938
1 0.1861213235294118 0.53125 0.16268382352941177 0.20955882352941174
1 0.38396139705882354 0.5303308823529411 0.169577205882353 0.21507352941176472
1 0.5569852941176471 0.5386029411764706 0.07720588235294124 0.1544117647058824
0 0.8933823529411765 0.5533088235294117 0.06617647058823536 0.10294117647058826
0 0.1868106617647059 0.78125 0.15303308823529413 0.20220588235294115
0 0.43014705882352944 0.765625 0.09926470588235298 0.1158088235294116
1 0.6197150735294119 0.8088235294117646 0.14751838235294124 0.18382352941176477
1 0.8106617647058824 0.864889705882353 0.16544117647058826 0.2261029411764706
