1 0.14269301470588236 0.31893382352941174 0.1778492647058824 0.17830882352941174
0 0.32950367647058826 0.24080882352941177 0.1516544117647059 0.14338235294117646
1 0.55078125 0.15992647058823528 0.1778492647058824 0.21323529411764702
0 0.725873161764706 0.271139705882353 0.12270220588235305 0.18566176470588236
0 0.5183823529411765 0.5128676470588235 0.06341911764705883 0.13970588235294124
0 0.7038143382352942 0.5294117647058824 0.1392463235294118 0.1801470588235295
1 0.8775275735294119 0.6011029411764706 0.14751838235294115 0.22794117647058834
0 0.6886488970588236 0.8207720588235293 0.1806066176470589 0.19669117647058826
0 0.46943933823529416 0.7895220588235294 0.1640625 0.18566176470588233
0 0.24333639705882354 0.8327205882352942 0.1557904411764706 0.19117647058823523
0 0.1661305147058824 0.5854779411764706 0.19163602941176472 0.19301470588235298
