0 0.10477941176470588 0.1332720588235294 0.17371323529411764 0.2040441176470588
1 0.36328125 0.19117647058823528 0.15027573529411764 0.19117647058823528
0 0.526654411764706 0.17647058823529413 0.1213235294117647 0.16544117647058826
1 0.7479319852941176 0.18106617647058823 0.14200367647058812 0.18198529411764702
0 0.7403492647058825 0.4678308823529412 0.1295955882352942 0.1783088235294118
0 0.9237132352941176 0.6608455882352942 0.11856617647058826 0.1709558823529413
1 0.8926930147058825 0.33547794117647056 0.11443014705882348 0.15625
1 0.5418198529411765 0.4494485294117648 0.15992647058823528 0.21507352941176472
0 0.32536764705882354 0.39522058823529416 0.11856617647058826 0.125
1 0.13304227941176472 0.4558823529411765 0.1640625 0.18750000000000008
1 0.09443933823529413 0.7729779411764706 0.1778492647058824 0.21875
0 0.36052389705882354 0.8152573529411765 0.13097426470588241 0.1415441176470587
0 0.5356158088235294 0.806985294117647 0.17509191176470595 0.15441176470588247
1 0.7472426470588236 0.7371323529411765 0.140625 0.1948529411764706
