0 0.1750919117647059 0.46139705882352944 0.12408088235294118 0.16911764705882354
0 0.37637867647058826 0.4476102941176471 0.140625 0.1415441176470589
1 0.4239430147058824 0.18841911764705885 0.16130514705882348 0.2003676470588235
1 0.6431525735294119 0.17095588235294115 0.1778492647058824 0.2352941176470588
0 0.789981617647059 0.41727941176470584 0.13786764705882348 0.16911764705882348
0 0.5776654411764706 0.49080882352941174 0.1268382352941176 0.17279411764705876
0 0.3556985294117648 0.7040441176470589 0.10477941176470587 0.20955882352941188
0 0.11374080882352942 0.8051470588235295 0.1723345588235294 0.1948529411764706
0 0.6066176470588236 0.7904411764705881 0.1544117647058824 0.12867647058823523
0 0.854779411764706 0.7104779411764706 0.12132352941176464 0.23713235294117646
