1 0.11580882352941177 0.21507352941176472 0.1351102941176471 0.19117647058823528
0 0.34811580882352944 0.27849264705882354 0.06755514705882355 0.15257352941176466
1 0.5983455882352942 0.27389705882352944 0.1295955882352942 0.1764705882352941
0 0.8754595588235295 0.22886029411764708 0.0303308823529413 0.06066176470588239
1 0.20680147058823534 0.5064338235294117 0.1599264705882353 0.1930147058823529
1 0.4026988636363636 0.5322163362279502 0.14630681818181818 0.20454545454545453
1 0.5944602272727273 0.5454739119855259 0.16335227272727265 0.19696969696969696
0 0.8529829545454546 0.5445269422885561 0.03267045454545439 0.043560606060605946
0 0.19815340909090906 0.7291860331976472 0.08380681818181816 0.10227272727272733
0 0.4019886363636364 0.769905730167344 0.08522727272727273 0.12310606060606062
1 0.5830965909090909 0.8286178513794653 0.140625 0.17992424242424235
0 0.7613636363636362 0.7670648210764349 0.07954545454545453 0.06439393939393938
