1 0.14545036764705885 0.1608455882352941 0.16130514705882354 0.21139705882352938
0 0.3563878676470588 0.17095588235294115 0.11994485294117649 0.19117647058823528
0 0.643841911764706 0.15165441176470587 0.09099264705882355 0.19669117647058823
0 0.8465073529411765 0.18382352941176464 0.15716911764705854 0.22426470588235287
0 0.06341911764705882 0.49632352941176466 0.10477941176470588 0.13602941176470587
0 0.35638786764705893 0.4558823529411764 0.21920955882352947 0.202205882352941
0 0.6038602941176472 0.36856617647058826 0.08272058823529406 0.11580882352941177
0 0.8147977941176472 0.4356617647058823 0.15165441176470595 0.20588235294117646
0 0.8092830882352942 0.7674632352941176 0.16544117647058812 0.2775735294117647
0 0.6403952205882354 0.7509191176470589 0.0813419117647058 0.22610294117647073
0 0.380514705882353 0.7987132352941176 0.16819852941176475 0.21507352941176477
0 0.14613970588235292 0.8014705882352944 0.09374999999999999 0.17647058823529455
