0 0.18198529411764708 0.411764705882353 0.08823529411764708 0.11029411764705883
1 0.31709558823529416 0.17279411764705885 0.15992647058823534 0.22058823529411764
0 0.5211397058823529 0.3290441176470588 0.07169117647058826 0.23529411764705885
0 0.8099724264705884 0.35477941176470584 0.13097426470588233 0.2058823529411765
0 0.8203125 0.6626838235294117 0.08547794117647058 0.1966911764705882
0 0.7196691176470589 0.5863970588235293 0.10753676470588246 0.2242647058823529
0 0.5576746323529412 0.6479779411764706 0.05376838235294116 0.09742647058823536
0 0.3150275735294119 0.5248161764705883 0.08409926470588219 0.13419117647058826
0 0.1047794117647059 0.6176470588235294 0.09099264705882355 0.1985294117647058
1 0.2481617647058824 0.7674632352941176 0.13235294117647062 0.17830882352941174
0 0.43359375 0.8262867647058824 0.09512867647058826 0.17463235294117638
0 0.6769301470588238 0.9145220588235293 0.1351102941176471 0.13419117647058826
