0 0.10340073529411764 0.23529411764705885 0.1130514705882353 0.15441176470588236
0 0.27849264705882354 0.1847426470588235 0.1047794117647059 0.13419117647058823
1 0.5238970588235301 0.18474264705882348 0.13235294117646978 0.17830882352941185
1 0.7334558823529413 0.1084558823529412 0.14338235294117652 0.1985294117647059
1 0.8857996323529413 0.18198529411764702 0.13924632352941188 0.19852941176470587
0 0.8568474264705883 0.3777573529411764 0.08685661764705921 0.12316176470588251
0 0.6920955882352942 0.3382352941176471 0.198529411764706 0.18750000000000003
0 0.36259191176470595 0.40625 0.07169117647058826 0.10294117647058826
0 0.5011488970588236 0.4034926470588235 0.08409926470588232 0.15257352941176472
1 0.45289522058823534 0.6387867647058824 0.17509191176470595 0.2297794117647058
1 0.6266084558823529 0.6332720588235294 0.1475183823529411 0.20772058823529413
0 0.7451746323529413 0.7472426470588235 0.05652573529411768 0.08272058823529406
0 0.5886948529411765 0.8768382352941176 0.12408088235294117 0.14705882352941174
1 0.41015625 0.8630514705882354 0.1502757352941176 0.1930147058823529
0 0.23920036764705885 0.8042279411764706 0.08961397058823532 0.10845588235294117
0 0.20335477941176472 0.6112132352941176 0.1006433823529412 0.11948529411764702
1 0.8134191176470589 0.5735294117647058 0.1488970588235294 0.18749999999999992
