1 0.9034672290927682 0.7914230019493178 0.16658038538970388 0.26900584795321636
1 0.7808455565142364 0.6140350877192983 0.1573259195347204 0.2651072124756336
1 0.6304604863707538 0.5292397660818713 0.1688940018534497 0.2553606237816765
1 0.4899082861981912 0.6734892787524367 0.14460102898411778 0.2514619883040936
1 0.5668360336177419 0.9005847953216375 0.15038507014348249 0.1988304093567251
1 0.7397788642827469 0.8635477582846005 0.16542357715783085 0.27290448343079915
1 0.33720959959096286 0.6851851851851852 0.17005081008532258 0.2865497076023391
1 0.3927363947208641 0.9200779727095516 0.1446010289841179 0.15984405458089668
1 0.2278912216789697 0.9103313840155945 0.17814846770843318 0.1793372319688109
1 0.16600198127376728 0.6822612085769981 0.160796344230339 0.2651072124756335
1 0.16947240596938612 0.43274853801169594 0.16079634423033906 0.26900584795321636
1 0.8595085162815965 0.17836257309941517 0.1388169878247531 0.1812865497076023
