1 0.8651194852941176 0.8299632352941176 0.23023897058823523 0.30330882352941174
1 0.796875 0.4715073529411765 0.1792279411764706 0.3033088235294118
1 0.84375 0.16268382352941177 0.2261029411764706 0.2665441176470588
1 0.6355698529411765 0.28584558823529405 0.23161764705882354 0.3216911764705882
0 0.5569852941176471 0.49080882352941174 0.0661764705882353 0.0661764705882353
0 0.6162683823529412 0.6167279411764706 0.10202205882352942 0.1452205882352942
0 0.5700827205882354 0.849264705882353 0.04549632352941181 0.06985294117647058
0 0.655560661764706 0.9172794117647058 0.05652573529411768 0.125
1 0.43359375 0.7941176470588235 0.2247242647058824 0.29044117647058826
0 0.4342830882352942 0.5762867647058824 0.09926470588235298 0.12316176470588232
1 0.1840533088235294 0.5588235294117647 0.2578125 0.32352941176470595
1 0.2171415441176471 0.8465073529411765 0.22196691176470595 0.25919117647058826
1 0.13304227941176472 0.2104779411764706 0.26056985294117646 0.3106617647058823
0 0.4701286764705883 0.2555147058823531 0.08547794117647044 0.13970588235294124
0 1.1606158088235297 0.37040441176470584 0.10707720588235305 0.1378676470588235
