1 0.13786764705882354 0.19117647058823528 0.17647058823529413 0.20955882352941174
1 0.13786764705882354 0.5193014705882352 0.16544117647058826 0.21507352941176472
0 0.1475183823529412 0.8033088235294117 0.09926470588235298 0.10661764705882348
1 0.37362132352941174 0.8630514705882352 0.18198529411764708 0.2297794117647057
0 0.6079963235294119 0.8051470588235294 0.10753676470588239 0.1985294117647058
1 0.8175551470588236 0.7830882352941176 0.19025735294117652 0.2389705882352942
1 0.8120404411764707 0.5055147058823529 0.17095588235294115 0.22794117647058826
0 0.7451746323529411 0.2159926470588235 0.07858455882352942 0.11580882352941174
1 0.5886948529411765 0.19393382352941177 0.15716911764705885 0.19301470588235298
1 0.614889705882353 0.5036764705882353 0.15992647058823536 0.1875
0 0.39361213235294124 0.1875 0.0647977941176471 0.08455882352941174
0 0.3501838235294118 0.2977941176470588 0.046875 0.05147058823529413
0 0.3846507352941177 0.5450367647058824 0.06893382352941181 0.0863970588235295
