1 0.29188453159041394 0.14246323529411767 0.24803921568627452 0.28492647058823534
1 0.08393246187363833 0.20404411764705885 0.15283224400871456 0.20588235294117646
1 0.5054738562091504 0.23161764705882354 0.16911764705882354 0.411764705882353
1 0.6138344226579521 0.5533088235294117 0.2555555555555555 0.33823529411764697
1 0.8908496732026144 0.5735294117647058 0.2183006535947712 0.36764705882352944
1 0.8123910675381264 0.25275735294117646 0.2016884531590415 0.25183823529411764
1 0.9063453159041396 0.08272058823529412 0.17162309368191714 0.16544117647058823
1 0.6739651416122004 0.12500000000000003 0.16535947712418306 0.22794117647058826
1 0.3394880174291939 0.5505514705882353 0.323202614379085 0.4319852941176471
1 0.0757897603485839 0.4376838207244873 0.1515795206971678 0.22022059384514306
1 0.12777777777777777 0.755514705882353 0.18540305010893246 0.2757352941176471
1 0.3094226579520697 0.8777573529411765 0.21546840958605668 0.24448529411764697
1 0.516748366013072 0.8621323529411765 0.20168845315904144 0.2647058823529413
1 0.7378540305010894 0.8621323529411765 0.21797385620915036 0.2647058823529413
