0 0.13511029411764708 0.12316176470588236 0.14889705882352947 0.15441176470588236
0 0.33157169117647056 0.17279411764705885 0.0978860294117647 0.1691176470588235
0 0.46943933823529416 0.16268382352941174 0.09237132352941174 0.14889705882352938
0 0.6176470588235294 0.20404411764705885 0.07444852941176464 0.15441176470588236
1 0.7941176470588236 0.1746323529411765 0.12132352941176464 0.1985294117647059
0 0.8920036764705884 0.3455882352941177 0.10477941176470594 0.11397058823529413
1 0.7424172794117648 0.4025735294117647 0.15854779411764697 0.1875
1 0.5631893382352942 0.37959558823529416 0.1557904411764706 0.2077205882352941
0 0.3894761029411765 0.36213235294117646 0.08134191176470587 0.09558823529411764
0 0.23851102941176472 0.41084558823529416 0.0772058823529412 0.17830882352941174
1 0.07513786764705883 0.5854779411764707 0.1475183823529412 0.1819852941176471
0 0.2502297794117647 0.6121323529411764 0.06479779411764706 0.09558823529411761
0 0.40050551470588247 0.5661764705882353 0.05101102941176471 0.0625
1 0.5183823529411765 0.6433823529411765 0.1213235294117647 0.1617647058823529
0 0.6390165441176472 0.5992647058823529 0.05928308823529406 0.08088235294117645
0 0.7706801470588236 0.7380514705882354 0.11305147058823536 0.1488970588235294
0 0.6328125 0.7518382352941176 0.09099264705882341 0.12132352941176477
0 0.4659926470588236 0.8198529411764706 0.11029411764705892 0.12867647058823536
1 0.33708639705882354 0.765625 0.13648897058823534 0.1783088235294116
1 0.19715073529411767 0.78125 0.12408088235294118 0.1764705882352942
