1 0.16957720588235298 0.1856617647058824 0.23161764705882354 0.2794117647058824
1 0.10753676470588236 0.4650735294117647 0.20955882352941177 0.2389705882352942
1 0.12270220588235295 0.7610294117647058 0.2371323529411765 0.2977941176470587
0 0.32467830882352944 0.5790441176470589 0.08409926470588239 0.0882352941176471
0 0.4267003676470588 0.8051470588235294 0.14200367647058826 0.1875
1 0.3853400735294118 0.31709558823529416 0.17784926470588236 0.24816176470588236
1 0.5749080882352942 0.2711397058823529 0.18198529411764702 0.24448529411764702
1 0.7941176470588235 0.20220588235294115 0.1957720588235294 0.26838235294117646
1 0.915670955882353 0.4825367647058823 0.16865808823529405 0.20772058823529413
1 0.8970588235294119 0.7380514705882354 0.20588235294117638 0.306985294117647
1 0.64453125 0.7794117647058824 0.2412683823529413 0.31985294117647056
1 0.7003676470588235 0.47334558823529416 0.23713235294117638 0.28492647058823534
0 0.4956341911764707 0.5257352941176471 0.10064338235294117 0.11397058823529413
