0 0.0703125 0.17647058823529413 0.09099264705882354 0.11029411764705883
0 0.3653492647058824 0.25275735294117646 0.06617647058823536 0.07169117647058823
0 0.5728400735294119 0.25183823529411764 0.03722426470588239 0.04411764705882355
0 0.8113511029411765 0.22150735294117646 0.06204044117647044 0.1084558823529412
0 0.24540441176470595 0.5790441176470589 0.04963235294117649 0.05147058823529406
0 0.33984375 0.5772058823529411 0.0813419117647059 0.1470588235294118
1 0.5604319852941176 0.5459558823529411 0.1420036764705882 0.19117647058823528
0 0.7541360294117648 0.46047794117647056 0.06341911764705883 0.07904411764705883
1 0.8795955882352942 0.8042279411764706 0.17371323529411767 0.22242647058823536
1 0.5880055147058824 0.7996323529411765 0.1695772058823529 0.2022058823529413
0 0.3887867647058824 0.7849264705882354 0.04963235294117652 0.05514705882352942
0 0.18818933823529413 0.8198529411764706 0.13097426470588236 0.21691176470588233
