0 0.19301470588235298 0.25827205882352944 0.1158088235294118 0.23713235294117646
1 0.3694852941176471 0.260110294117647 0.1819852941176471 0.25183823529411764
0 0.6769301470588236 0.17095588235294115 0.046875 0.0735294117647059
0 0.8623621323529413 0.26102941176470584 0.0703125 0.09926470588235294
0 0.7975643382352942 0.5615808823529411 0.07858455882352942 0.10110294117647065
0 0.5045955882352942 0.5220588235294117 0.0661764705882353 0.10294117647058826
1 0.3681066176470588 0.5404411764705883 0.193014705882353 0.23161764705882354
1 0.15716911764705885 0.5386029411764706 0.1599264705882353 0.19852941176470587
0 0.15027573529411767 0.896139705882353 0.06066176470588235 0.0680147058823529
1 0.39774816176470595 0.7830882352941176 0.14751838235294115 0.1948529411764706
1 0.6176470588235294 0.8161764705882354 0.1709558823529413 0.235294117647059
0 0.7996323529411764 0.7959558823529411 0.07996323529411768 0.11397058823529406
