1 0.09995404411764706 0.4365808823529412 0.18060661764705885 0.21875
1 0.2729779411764707 0.6001838235294118 0.14889705882352947 0.21507352941176477
0 0.4239430147058823 0.5753676470588236 0.04825367647058819 0.05147058823529413
1 0.6217830882352942 0.6902573529411765 0.13511029411764702 0.22977941176470595
0 0.920266544117647 0.6599264705882352 0.08961397058823475 0.20955882352941202
0 0.8065257352941176 0.3446691176470588 0.10753676470588232 0.14154411764705885
1 0.6073069852941178 0.4402573529411765 0.1723345588235294 0.22977941176470587
0 0.6645220588235295 0.21783088235294115 0.0882352941176471 0.10477941176470587
0 0.47012867647058826 0.19117647058823528 0.12408088235294117 0.1360294117647059
1 0.4280790441176471 0.4338235294117647 0.16130514705882348 0.20220588235294115
0 0.22886029411764708 0.23713235294117652 0.10202205882352948 0.12500000000000008
