0 0.15854779411764708 0.21507352941176472 0.14613970588235295 0.19117647058823528
0 0.36465992647058826 0.25459558823529416 0.1585477941176471 0.20404411764705885
1 0.6011029411764707 0.21231617647058823 0.1323529411764706 0.18198529411764702
1 0.83203125 0.19301470588235298 0.1475183823529413 0.2058823529411765
0 0.8485753676470589 0.4503676470588235 0.1061580882352942 0.17647058823529413
0 0.5687040441176471 0.5082720588235294 0.1309742647058824 0.15992647058823536
0 0.3667279411764707 0.49540441176470584 0.14062500000000003 0.21875
0 0.2019761029411765 0.46415441176470584 0.06755514705882355 0.10477941176470594
0 0.19715073529411767 0.7426470588235293 0.0827205882352941 0.08455882352941174
0 0.3432904411764707 0.6893382352941176 0.046875000000000035 0.06617647058823523
0 0.5742187500000001 0.785845588235294 0.18887867647058826 0.18566176470588233
1 0.8265165441176471 0.7426470588235295 0.13097426470588233 0.1948529411764706
