0 0.1123621323529412 0.18566176470588233 0.10340073529411768 0.1617647058823529
0 0.36465992647058826 0.2647058823529412 0.06755514705882355 0.12867647058823528
0 0.6066176470588236 0.24632352941176472 0.05514705882352949 0.07720588235294117
0 0.7961856617647061 0.1488970588235294 0.06204044117647058 0.08455882352941176
1 0.8285845588235295 0.4852941176470588 0.14062500000000014 0.16911764705882348
0 0.796875 0.8180147058823529 0.11856617647058826 0.12867647058823536
0 0.5549172794117648 0.8373161764705883 0.09237132352941181 0.13419117647058812
0 0.6307444852941176 0.520220588235294 0.13373161764705876 0.1544117647058824
1 0.3984375 0.5266544117647058 0.16544117647058823 0.19669117647058826
0 0.36259191176470595 0.8658088235294117 0.1213235294117647 0.16911764705882348
0 0.13097426470588236 0.7904411764705883 0.10753676470588237 0.14705882352941188
1 0.1750919117647059 0.5183823529411764 0.1323529411764706 0.1801470588235294
