0 0.19646139705882354 0.2316176470588235 0.10064338235294121 0.13602941176470587
0 0.3674172794117648 0.20772058823529413 0.1475183823529412 0.1360294117647059
0 0.5597426470588236 0.17279411764705885 0.20680147058823536 0.2536764705882353
1 0.7768841911764707 0.203125 0.15303308823529405 0.1856617647058824
0 0.9264705882352942 0.33639705882352944 0.09099264705882348 0.125
1 0.09926470588235298 0.5101102941176471 0.17647058823529416 0.1930147058823529
1 0.34811580882352944 0.484375 0.13648897058823528 0.18566176470588233
1 0.5411305147058824 0.4990808823529412 0.16130514705882348 0.1966911764705882
0 0.7251838235294119 0.46875 0.13786764705882348 0.16176470588235298
0 0.9044117647058825 0.6185661764705883 0.1047794117647058 0.1341911764705882
1 0.7258731617647061 0.714154411764706 0.13097426470588247 0.18198529411764702
0 0.4970128676470588 0.7840073529411765 0.14476102941176472 0.1819852941176471
0 0.3446691176470588 0.7784926470588235 0.1378676470588236 0.1415441176470587
1 0.16888786764705885 0.728860294117647 0.14476102941176472 0.1930147058823529
