1 0.13373161764705885 0.203125 0.1544117647058824 0.1966911764705882
1 0.3536305147058824 0.24816176470588233 0.15854779411764708 0.1948529411764706
0 0.5535386029411765 0.2518382352941177 0.1640625 0.22426470588235298
1 0.7355238970588236 0.29871323529411764 0.12270220588235305 0.16727941176470587
0 0.9037224264705884 0.22886029411764708 0.0758272058823529 0.0900735294117647
0 0.9181985294117648 0.4237132352941177 0.1047794117647058 0.11213235294117645
0 0.7486213235294119 0.5496323529411765 0.12132352941176477 0.12500000000000008
0 0.5597426470588236 0.5082720588235294 0.08272058823529413 0.15992647058823536
1 0.35156250000000006 0.5073529411764706 0.140625 0.1801470588235294
1 0.14062500000000003 0.4806985294117647 0.13786764705882357 0.17830882352941174
0 0.05997242647058825 0.7316176470588235 0.08961397058823532 0.12132352941176464
0 0.2915900735294118 0.7748161764705881 0.0978860294117647 0.14522058823529405
0 0.5859375 0.8272058823529411 0.10202205882352935 0.14338235294117652
0 0.732077205882353 0.7619485294117646 0.06893382352941174 0.07536764705882362
0 0.9437040441176471 0.7325367647058824 0.06755514705882348 0.12683823529411767
