0 0.819417984003023 0.640625 0.2442884809169921 0.24816176470588233
0 0.8622898035017005 0.3584558823529412 0.24267067640760814 0.3345588235294118
0 0.6552108263005416 0.12500000000000003 0.2717911575765209 0.22794117647058826
0 0.4643098941932234 0.30606617647058826 0.14883801486333298 0.2702205882352941
0 0.6584464353193097 0.3805147058823529 0.22649263131376748 0.2536764705882353
0 0.5816007211235672 0.6479779411764706 0.17634069152286172 0.3180147058823528
0 0.3906997890162489 0.5606617647058824 0.2572309169920645 0.20955882352941166
0 0.15530923290086912 0.5055147058823529 0.3009116387454339 0.23897058823529413
0 0.29282261619851363 0.3069852941176471 0.1844297140697821 0.31250000000000006
0 0.3955532025444011 0.8189338235294117 0.1795763005416299 0.3216911764705881
