0 0.35294636922565636 0.0670955882352941 0.3139228148886673 0.1341911764705882
0 0.688548936523762 0.06985294117647059 0.28790711199734126 0.13970588235294118
0 0.9387981887670322 0.06985294117647059 0.12240362246593549 0.13970588235294118
1 0.07978148886673314 0.3439338207244873 0.15956297773346628 0.29448528850779815
0 0.0815158690594882 0.06893382352941177 0.1630317381189764 0.13786764705882354
0 0.33560256729810567 0.3400735294117647 0.30004777334662674 0.35294117647058826
0 0.6738067048853439 0.3115808823529412 0.2931102525756065 0.3253676470588235
1 0.9353294283815221 0.3382352941176471 0.1293411432369558 0.32352941176470584
1 0.6668691841143237 0.6746323529411765 0.30351653373213694 0.31617647058823534
0 0.07978148886673314 0.689522056018605 0.15956297773346628 0.31654411203720983
0 0.344274468261881 0.6939338235294119 0.30351653373213694 0.3400735294117648
0 0.933595048188767 0.6875 0.13280990362246597 0.3161764705882353
0 0.933595048188767 0.9375 0.13280990362246597 0.125
0 0.6781426553672315 0.9347426470588235 0.30178215353938176 0.1305147058823529
0 0.35294636922565636 0.9402573529411765 0.331266616816218 0.1194852941176471
0 0.08758619973413094 0.9430147058823529 0.17517239946826188 0.1139705882352942
