1 0.0978860294117647 0.22334558823529413 0.13511029411764708 0.1746323529411765
0 0.30468750000000006 0.2536764705882353 0.09099264705882355 0.10661764705882351
0 0.4287683823529412 0.18198529411764708 0.08547794117647065 0.09926470588235295
0 0.614889705882353 0.17738970588235292 0.06066176470588239 0.06801470588235295
1 0.7644761029411765 0.20772058823529413 0.13924632352941174 0.18382352941176466
0 0.09168198529411764 0.4099264705882353 0.020680147058823532 0.0367647058823529
0 0.17302389705882354 0.5137867647058824 0.08685661764705883 0.11948529411764702
0 0.2798713235294118 0.48897058823529405 0.0579044117647058 0.08455882352941183
0 0.4377297794117648 0.5579044117647058 0.06755514705882355 0.0974264705882353
1 0.6665900735294119 0.4659926470588235 0.14476102941176477 0.20404411764705876
1 0.8382352941176472 0.4650735294117647 0.12132352941176477 0.17279411764705885
1 0.8520220588235295 0.8400735294117646 0.13786764705882362 0.17647058823529405
0 0.6231617647058824 0.828125 0.1323529411764706 0.12683823529411767
0 0.3632812500000002 0.7941176470588238 0.0978860294117647 0.16544117647058848
0 0.08478860294117649 0.7490808823529411 0.08685661764705883 0.14522058823529405
