0 0.12063419117647062 0.4375 0.15303308823529416 0.14705882352941174
0 0.21783088235294124 0.6948529411764706 0.1047794117647059 0.17279411764705885
0 0.39499080882352944 0.5643382352941176 0.08134191176470587 0.08088235294117645
0 0.380514705882353 0.33915441176470595 0.12132352941176475 0.15992647058823528
0 0.5452665441176471 0.43106617647058826 0.09788602941176464 0.13786764705882354
0 0.5507812500000001 0.666360294117647 0.11443014705882348 0.11580882352941174
0 0.7244944852941176 0.6378676470588235 0.1254595588235294 0.20588235294117646
1 0.8940716911764707 0.5928308823529412 0.133731617647059 0.19669117647058829
0 0.8471966911764707 0.328125 0.10615808823529406 0.20772058823529416
0 0.7127757352941176 0.39797794117647056 0.1488970588235294 0.193014705882353
