1 0.7313878676470589 0.17371323529411764 0.1475183823529413 0.20772058823529413
0 0.7465533088235295 0.39522058823529405 0.06204044117647058 0.08823529411764702
1 0.8527113970588236 0.6617647058823529 0.1530330882352942 0.2205882352941176
0 0.7107077205882354 0.9053308823529411 0.07858455882352942 0.10110294117647073
1 0.5087316176470589 0.8272058823529411 0.15165441176470587 0.2132352941176471
0 0.4942555147058824 0.5983455882352942 0.04825367647058826 0.07536764705882348
0 0.678998161764706 0.5707720588235294 0.05376838235294116 0.09375
1 0.6293658088235294 0.38143382352941174 0.15303308823529413 0.22610294117647065
1 0.5666360294117648 0.19669117647058826 0.14062499999999992 0.16544117647058826
0 0.39154411764705843 0.19852941176470573 0.057904411764705156 0.0661764705882353
1 0.29159007352941163 0.2738970588235293 0.13097426470588255 0.17647058823529396
0 0.13097426470588236 0.21599264705882354 0.07169117647058824 0.0790441176470588
0 0.17991727941176475 0.09191176470588236 0.05928308823529415 0.07720588235294118
0 0.15441176470588236 0.14981617647058823 0.0551470588235294 0.04595588235294116
0 0.1488970588235294 0.33639705882352944 0.07996323529411767 0.08088235294117642
0 0.18474264705882354 0.5330882352941176 0.0661764705882353 0.0625
0 0.3536305147058824 0.5091911764705882 0.042738970588235364 0.06985294117647058
1 0.45289522058823534 0.3694852941176471 0.15303308823529413 0.19117647058823528
0 0.23506433823529413 0.7352941176470589 0.07582720588235294 0.0992647058823529
0 0.3915441176470588 0.6204044117647058 0.05514705882352949 0.0680147058823529
