1 0.15854779411764708 0.1332720588235294 0.17922794117647062 0.21875
1 0.4073988970588236 0.20772058823529413 0.16406250000000008 0.22058823529411764
1 0.6038602941176471 0.22426470588235298 0.14889705882352935 0.1875
0 0.7954963235294119 0.19944852941176472 0.12683823529411767 0.15992647058823528
0 0.2288602941176471 0.35018382352941174 0.10477941176470594 0.1158088235294117
0 0.421875 0.4659926470588235 0.10477941176470587 0.14889705882352935
0 0.5714613970588236 0.49540441176470584 0.10064338235294108 0.15992647058823523
0 0.8423713235294119 0.4540441176470588 0.07169117647058826 0.13970588235294115
0 0.8182444852941176 0.671875 0.0703125 0.10845588235294117
0 0.5859375000000001 0.7840073529411765 0.15165441176470595 0.1488970588235294
0 0.38258272058823534 0.7022058823529411 0.08409926470588239 0.198529411764706
0 0.11029411764705883 0.7674632352941176 0.11029411764705883 0.13419117647058826
