1 0.2102481617647059 0.328125 0.26056985294117646 0.2261029411764706
1 0.2247242647058824 0.5762867647058824 0.17371323529411767 0.19301470588235298
0 0.3846507352941177 0.8318014705882354 0.09099264705882355 0.11580882352941174
1 0.5707720588235294 0.6801470588235293 0.20404411764705876 0.27205882352941174
1 0.41842830882352944 0.5202205882352942 0.1778492647058824 0.25000000000000006
1 0.3887867647058824 0.23897058823529413 0.18750000000000003 0.26102941176470595
0 0.521139705882353 0.11029411764705882 0.030330882352941232 0.05514705882352942
0 0.690716911764706 0.2591911764705882 0.04963235294117652 0.08823529411764702
1 0.8802849264705884 0.2536764705882353 0.17509191176470595 0.23529411764705885
1 0.9032628676470589 0.4981617647058823 0.19347426470588233 0.2426470588235295
1 0.6969209558823529 0.4981617647058824 0.1502757352941176 0.22794117647058826
1 0.8720128676470589 0.7527573529411765 0.1723345588235294 0.24080882352941174
0 0.5645680147058825 0.35018382352941174 0.06204044117647065 0.08272058823529413
0 0.6017922794117648 0.44669117647058826 0.05101102941176471 0.05882352941176471
