1 0.11511948529411767 0.35018382352941174 0.21920955882352947 0.2849264705882353
1 0.14407169117647062 0.6397058823529411 0.19163602941176475 0.23529411764705876
0 0.29296875000000006 0.9209558823529411 0.10891544117647065 0.0882352941176471
1 0.5004595588235294 0.7518382352941176 0.1875 0.2794117647058823
1 0.6638327205882354 0.5753676470588236 0.1695772058823529 0.2426470588235294
0 0.6603860294117648 0.3143382352941177 0.06617647058823536 0.11029411764705883
1 0.8671875000000001 0.31985294117647056 0.20404411764705885 0.2426470588235294
0 0.48736213235294124 0.15257352941176472 0.03998161764705884 0.05514705882352942
1 0.3343290441176471 0.25275735294117646 0.19163602941176472 0.2261029411764706
0 0.5176930147058824 0.4053308823529412 0.0703125 0.08639705882352942
0 0.5528492647058825 0.5137867647058824 0.06066176470588239 0.06801470588235298
1 0.3543198529411765 0.5716911764705883 0.2233455882352942 0.2720588235294118
1 0.8908547794117648 0.5698529411764706 0.21829044117647045 0.23897058823529413
1 0.849264705882353 0.8511029411764706 0.23161764705882348 0.2977941176470588
