0 0.15441176470588236 0.22794117647058823 0.13235294117647062 0.14338235294117646
0 0.36190257352941174 0.26746323529411764 0.04825367647058819 0.04227941176470587
1 0.6845128676470589 0.26838235294117646 0.1585477941176471 0.2095588235294118
0 0.8389246323529411 0.458639705882353 0.05101102941176478 0.07169117647058826
1 0.5459558823529412 0.5275735294117646 0.16268382352941174 0.19852941176470587
0 0.2826286764705883 0.5211397058823529 0.04411764705882355 0.07904411764705883
0 0.0778952205882353 0.47242647058823534 0.07306985294117646 0.10661764705882355
0 0.14131433823529413 0.6066176470588235 0.034466911764705885 0.04779411764705877
0 0.1606158088235294 0.6920955882352942 0.07858455882352942 0.09742647058823523
0 0.2964154411764706 0.7334558823529411 0.09650735294117645 0.11764705882352927
0 0.5431985294117648 0.8143382352941176 0.08272058823529406 0.125
0 0.8582261029411765 0.8538602941176471 0.1227022058823529 0.15992647058823536
