0 0.13924632352941177 0.5450367647058824 0.15716911764705885 0.11580882352941174
0 0.368795955882353 0.5459558823529411 0.0758272058823529 0.0882352941176471
0 0.14958639705882354 0.8308823529411765 0.10064338235294118 0.1875
0 0.5638786764705883 0.8106617647058824 0.1461397058823529 0.1764705882352942
0 0.8085937500000001 0.818014705882353 0.18060661764705885 0.22058823529411753
1 0.9044117647058825 0.5064338235294117 0.1764705882352942 0.18566176470588233
0 0.6838235294117648 0.47702205882352927 0.18198529411764755 0.1746323529411766
0 0.49770220588235303 0.5762867647058824 0.14338235294117646 0.11948529411764702
0 0.6989889705882354 0.28308823529411764 0.15716911764705885 0.1654411764705882
1 0.46875 0.1176470588235294 0.16544117647058826 0.1764705882352941
0 0.3226102941176471 0.3694852941176471 0.16544117647058826 0.13235294117647065
