0 0.1709558823529412 0.21323529411764702 0.16544117647058826 0.20588235294117646
0 0.3343290441176471 0.39981617647058826 0.122702205882353 0.13419117647058826
1 0.568014705882353 0.140625 0.17095588235294124 0.22242647058823528
0 0.7334558823529413 0.328125 0.14338235294117652 0.1488970588235294
0 0.1909466911764706 0.5431985294117647 0.09512867647058823 0.1636029411764706
0 0.521139705882353 0.5799632352941176 0.1488970588235295 0.12683823529411767
0 0.6955422794117648 0.520220588235294 0.16406250000000008 0.17279411764705876
1 0.8975183823529411 0.6084558823529411 0.15165441176470595 0.18382352941176464
0 0.7403492647058824 0.7858455882352942 0.1792279411764706 0.1709558823529413
0 0.5114889705882354 0.7261029411764706 0.09099264705882348 0.0735294117647058
0 0.3005514705882353 0.8198529411764706 0.12683823529411764 0.19117647058823536
