1 0.6176470588235295 0.12683823529411767 0.20680147058823542 0.23529411764705885
1 0.8223805147058825 0.447610294117647 0.23023897058823536 0.3180147058823529
0 0.6259191176470591 0.6829044117647056 0.0689338235294117 0.10845588235294114
0 0.3805147058823529 0.8511029411764703 0.06617647058823525 0.0955882352941182
0 0.298483455882353 0.629595588235294 0.16681985294117652 0.1378676470588234
0 0.2853860294117647 0.7628676470588238 0.18198529411764708 0.10294117647058769
0 0.45289522058823534 0.5597426470588236 0.1557904411764706 0.2113970588235294
1 0.6004136029411765 0.3869485294117647 0.1640625 0.21507352941176475
1 0.4439338235294118 0.2959558823529412 0.1819852941176471 0.22058823529411764
0 0.26608455882352944 0.41727941176470584 0.140625 0.1801470588235294
