1 0.071875 0.4293749968210856 0.14375 0.23791666030883785
0 0.08046875 0.58125 0.0578125 0.049999999999999926
0 0.12421875 0.6666666666666665 0.0921875 0.09583333333333328
0 0.13125 0.8645833333333335 0.08125 0.14166666666666672
1 0.3046875 0.7520833333333334 0.171875 0.2166666666666667
0 0.4578125000000001 0.8812500000000001 0.12812500000000016 0.16249999999999998
0 0.5546875 0.6625 0.053125000000000144 0.07083333333333322
0 0.459375 0.6041666666666667 0.0375 0.041666666666666644
1 0.625 0.8916666666666666 0.16250000000000006 0.2083333333333333
0 0.6597677133330433 0.5394879924490306 0.04268834096031696 0.05044985749855634
0 0.4468111033150987 0.4515241383489837 0.1251544541791108 0.11512916198388488
0 0.4594235676897378 0.3583859398901105 0.08828725062247365 0.0711472349338615
0 0.5918544436234482 0.27300925796947667 0.06985364884415503 0.07373440711327457
1 0.8156092635252185 0.3171981587938532 0.13776691855374978 0.1979186717251056
1 0.8780991735537188 0.559846451157852 0.20426371149511638 0.24417731029301273
1 0.8311419984973702 0.7852408914283253 0.1220886551465064 0.17843726521412465
1 0.7090533433508638 0.71089203092244 0.16904583020285485 0.20504633107938894
0 0.2635471450037566 0.4197575455730787 0.08100112697220137 0.13930628600050085
1 0.2964171675432005 0.24288551952749907 0.15848046581517647 0.19878537440520905
1 0.46076728024042063 0.20218930114533026 0.17491547708489846 0.2175682444277485
0 0.16875 0.12291666666666667 0.075 0.11666666666666665
