0 0.15854779411764708 0.33731617647058826 0.07996323529411767 0.11948529411764702
0 0.3577665441176471 0.24908088235294115 0.1668198529411765 0.1378676470588235
1 0.573529411764706 0.1847426470588235 0.16819852941176464 0.25183823529411764
0 0.7465533088235295 0.25643382352941174 0.1585477941176471 0.24448529411764708
0 0.8830422794117648 0.5358455882352942 0.1171875 0.2261029411764706
0 0.7217371323529411 0.5091911764705883 0.13648897058823523 0.14705882352941174
0 0.36672794117647056 0.515625 0.06066176470588239 0.10845588235294117
1 0.23368566176470587 0.5248161764705883 0.15854779411764708 0.20772058823529413
0 0.08272058823529413 0.6626838235294117 0.04411764705882355 0.05698529411764703
0 0.3067555147058824 0.806985294117647 0.12270220588235294 0.16911764705882362
0 0.4708180147058824 0.796875 0.12821691176470595 0.19301470588235303
0 0.6976102941176471 0.7674632352941176 0.15992647058823536 0.2077205882352942
