0 0.11994485294117649 0.26838235294117646 0.09099264705882355 0.13235294117647053
0 0.24126838235294115 0.2261029411764706 0.09650735294117649 0.12867647058823534
1 0.4473805147058824 0.2821691176470588 0.14476102941176464 0.17830882352941177
0 0.6286764705882353 0.34742647058823534 0.0992647058823529 0.11397058823529413
0 0.8203125 0.24816176470588236 0.07996323529411754 0.125
0 0.9030330882352942 0.32077205882352944 0.03033088235294116 0.056985294117646995
1 0.08892463235294118 0.5174632352941176 0.15854779411764708 0.20404411764705885
1 0.275045955882353 0.5358455882352942 0.13373161764705885 0.17830882352941174
0 0.5211397058823529 0.5597426470588236 0.07169117647058826 0.12316176470588232
0 0.6838235294117648 0.567095588235294 0.10753676470588232 0.2003676470588234
1 0.8644301470588238 0.5670955882352942 0.0413602941176471 0.08272058823529406
0 0.0661764705882353 0.8556985294117646 0.08823529411764706 0.11213235294117638
0 0.27849264705882354 0.885110294117647 0.08272058823529413 0.11580882352941174
1 0.5238970588235294 0.8419117647058824 0.13786764705882354 0.20220588235294115
0 0.7176011029411765 0.8474264705882354 0.13648897058823536 0.17647058823529405
0 0.8651194852941176 0.7876838235294117 0.06755514705882362 0.06801470588235305
0 0.8982077205882354 0.864889705882353 0.042738970588235364 0.05330882352941174
