0 0.1516544117647059 0.1645220588235294 0.07169117647058826 0.07536764705882355
0 0.2074908088235294 0.5082720588235294 0.06204044117647058 0.07169117647058819
0 0.21666685159853902 0.6995054382459313 0.06225815405004895 0.0669746808720224
1 0.4170496323529412 0.7309742647058824 0.16075367647058825 0.22040441176470588
0 0.5459558823529411 0.8897058823529413 0.07279411764705891 0.06470588235294115
0 0.721875 0.7532169117647061 0.08492647058823537 0.20827205882352942
0 0.9031020220588235 0.7350183823529411 0.06521139705882362 0.0788602941176471
0 0.9106847426470588 0.4074448529411765 0.08644301470588232 0.20827205882352934
1 0.7423483455882354 0.2335477941176471 0.16530330882352942 0.22040441176470593
1 0.5975183823529412 0.1678308823529412 0.16985294117647065 0.21838235294117647
1 0.44586397058823535 0.14761029411764706 0.16681985294117646 0.19411764705882356
0 0.40567555147058826 0.3245404411764706 0.05914522058823529 0.07886029411764703
0 0.5679457720588236 0.3720588235294117 0.06521139705882355 0.09301470588235297
1 0.7180836397058823 0.46102941176470597 0.16833639705882347 0.22242647058823528
0 0.5671875 0.6056066176470588 0.103125 0.151654411764706
1 0.41325827205882354 0.522702205882353 0.15923713235294115 0.1880514705882353
