0 0.17371323529411767 0.20955882352941174 0.1378676470588235 0.18749999999999997
0 0.4005055147058824 0.11213235294117649 0.13648897058823536 0.14705882352941177
0 0.64453125 0.23621323529411764 0.10891544117647065 0.15257352941176472
0 0.8458180147058825 0.20772058823529413 0.1530330882352942 0.1323529411764706
0 0.8340992647058825 0.5661764705882353 0.09099264705882348 0.1360294117647058
0 0.6472886029411765 0.4862132352941177 0.1171875 0.1856617647058824
1 0.4136029411764707 0.49356617647058826 0.1764705882352942 0.22242647058823528
1 0.15854779411764708 0.5036764705882354 0.19301470588235298 0.23897058823529413
0 0.13442095588235295 0.8299632352941176 0.1475183823529412 0.15257352941176477
0 0.4480698529411765 0.8318014705882354 0.11856617647058826 0.16727941176470595
1 0.6314338235294117 0.760110294117647 0.12959558823529413 0.1930147058823529
0 0.8389246323529411 0.7784926470588235 0.08961397058823523 0.14522058823529405
