1 0.6700367647058824 0.11305147058823531 0.1819852941176471 0.20404411764705885
1 0.8823529411764707 0.13786764705882354 0.20128676470588233 0.2720588235294118
1 0.8596047794117646 0.4099264705882353 0.17509191176470595 0.22794117647058823
1 0.8899356617647061 0.6856617647058824 0.2164522058823529 0.2977941176470588
1 0.41153492647058826 0.6957720588235294 0.2192095588235295 0.2959558823529412
1 0.14682904411764708 0.7738970588235294 0.2853860294117647 0.3676470588235295
1 0.427389705882353 0.4246323529411765 0.20128676470588233 0.26838235294117646
1 0.6596966911764707 0.3805147058823529 0.21645220588235312 0.30147058823529416
1 0.6624540441176471 0.6911764705882354 0.24954044117647065 0.31985294117647056
0 0.20818014705882354 0.20863970588235292 0.11029411764705883 0.11580882352941176
0 0.17440257352941177 0.39338235294117646 0.14200367647058823 0.19485294117647053
0 0.4728860294117648 0.13419117647058823 0.09650735294117652 0.11764705882352942
