1 0.09237132352941177 0.22242647058823528 0.140625 0.17647058823529413
0 0.3198529411764706 0.2775735294117647 0.08272058823529413 0.09191176470588232
0 0.4260110294117648 0.20680147058823528 0.07720588235294124 0.11948529411764702
0 0.6348805147058825 0.19025735294117646 0.06755514705882355 0.06433823529411764
1 0.8092830882352942 0.23161764705882354 0.16268382352941188 0.21691176470588236
1 0.8871783088235295 0.5303308823529411 0.1585477941176471 0.20036764705882348
1 0.6810661764705884 0.5119485294117647 0.1488970588235294 0.18566176470588233
0 0.4611672794117648 0.5174632352941176 0.07306985294117645 0.07536764705882355
0 0.3681066176470588 0.5229779411764706 0.06341911764705883 0.11948529411764702
0 0.09099264705882354 0.43290441176470584 0.049632352941176475 0.04227941176470594
0 0.16475183823529413 0.5487132352941176 0.08134191176470587 0.12683823529411767
1 0.18267463235294124 0.8216911764705883 0.15579044117647062 0.16911764705882348
0 0.34329044117647056 0.8253676470588235 0.08547794117647055 0.0882352941176471
0 0.6252297794117648 0.8667279411764706 0.14476102941176472 0.14154411764705885
1 0.860983455882353 0.8308823529411765 0.1640625 0.1948529411764706
