1 0.6996783088235294 0.17095588235294115 0.1502757352941176 0.19117647058823528
1 0.8995863970588235 0.4806985294117648 0.1557904411764706 0.22242647058823528
0 0.7665441176470589 0.6259191176470589 0.13786764705882362 0.17830882352941188
0 0.7162224264705883 0.3602941176470588 0.07582720588235305 0.10661764705882351
1 0.5983455882352942 0.3722426470588235 0.15165441176470587 0.20036764705882354
1 0.5425091911764706 0.18106617647058823 0.1502757352941176 0.18198529411764702
1 0.4011948529411765 0.140625 0.15716911764705885 0.20036764705882354
0 0.2019761029411765 0.2261029411764706 0.03998161764705884 0.08088235294117645
1 0.12890625 0.3575367647058823 0.14200367647058823 0.17095588235294115
0 0.15096507352941177 0.5275735294117647 0.05928308823529413 0.06985294117647058
1 0.30606617647058826 0.49172794117647056 0.1433823529411765 0.1783088235294118
1 0.4308363970588236 0.3584558823529412 0.14200367647058834 0.19852941176470587
0 0.47702205882352944 0.573529411764706 0.02757352941176471 0.04779411764705877
0 0.37086397058823534 0.6066176470588235 0.05790441176470587 0.04044117647058819
1 0.19025735294117652 0.7858455882352942 0.15992647058823534 0.22977941176470595
0 0.3653492647058824 0.84375 0.06341911764705883 0.05514705882352956
1 0.49218750000000006 0.801470588235294 0.15165441176470595 0.16911764705882348
0 0.6776194852941176 0.8823529411764707 0.0703125 0.10294117647058826
0 0.6514246323529413 0.5597426470588236 0.06479779411764702 0.07536764705882348
