0 0.15854779411764708 0.15349264705882354 0.10202205882352945 0.15625000000000003
0 0.42325367647058826 0.1452205882352941 0.10477941176470587 0.20220588235294115
0 0.6100643382352942 0.25827205882352944 0.05101102941176471 0.10110294117647058
1 0.8658088235294119 0.18933823529411764 0.13235294117647073 0.1948529411764706
0 0.12890625 0.4522058823529412 0.1668198529411765 0.26102941176470584
0 0.4053308823529412 0.4908088235294116 0.1847426470588237 0.19852941176470584
0 0.7051930147058825 0.5266544117647058 0.11443014705882348 0.14154411764705885
0 0.8216911764705884 0.4862132352941177 0.08547794117647058 0.12683823529411767
0 0.2481617647058824 0.6847426470588235 0.06066176470588235 0.09375
0 0.43566176470588247 0.7830882352941176 0.1626838235294118 0.1985294117647058
0 0.585248161764706 0.7619485294117646 0.05376838235294116 0.08639705882352942
0 0.9271599264705884 0.7573529411764706 0.10891544117647058 0.20588235294117652
