1 0.8333132133450394 0.14705882352941177 0.27654741000877964 0.21691176470588236
1 0.8345368744512731 0.3915441176470588 0.25941615452150996 0.2205882352941176
1 0.8259712467076383 0.6332720588235294 0.291231343283582 0.22610294117647065
1 0.8210766022827042 0.8740808823529411 0.3303884986830553 0.20036764705882348
1 0.5017010535557507 0.8704044117647058 0.31815188762072 0.2113970588235294
1 0.4992537313432836 0.6295955882352942 0.3083625987708517 0.22977941176470595
1 0.5139376646180861 0.3924632352941176 0.31325724319578574 0.21874999999999997
1 0.495582748024583 0.15808823529411764 0.3157045654082529 0.20955882352941177
1 0.18110184372256366 0.15808823529411764 0.26431079894644427 0.2022058823529412
1 0.16274692712906055 0.39062500000000017 0.30102063213345037 0.21875
1 0.16397058823529412 0.6305147058823529 0.3034679543459175 0.22794117647058826
1 0.17743086040386305 0.8832720588235294 0.2814420544337138 0.23345588235294115
