0 0.4926432291666666 0.5091911764705883 0.24191176470588238 0.33088235294117646
0 0.6917164522058823 0.24540441176470587 0.24191176470588224 0.3474264705882353
0 0.9025562959558819 0.36691176190095787 0.19488740808823488 0.3735294061548569
0 0.7408547794117646 0.6213235294117646 0.2318321078431373 0.3455882352941176
0 0.9321652879901962 0.7483455854303697 0.13566942401960788 0.3459558767430923
0 0.5373717064950977 0.8382352941176471 0.21797257965686268 0.323529411764706
0 0.30805951286764705 0.7279411764705883 0.24821155024509803 0.3419117647058823
0 0.24758157169117645 0.37132352941176466 0.2406518075980392 0.33455882352941174
0 0.4479147518382353 0.15073529411764705 0.2179725796568627 0.3014705882352941
0 0.8863798253676469 0.08823529411764706 0.210412837009804 0.17647058823529413
0 0.20159313725490194 0.08731617647058823 0.21923253676470586 0.17463235294117646
0 0.061737898284313725 0.23455882072448728 0.12347579656862745 0.3250000056098489
0 0.0881969975490196 0.6233455854303697 0.1763939950980392 0.345220593845143
