0 0.14896831615534523 0.42634560906515573 0.15692845518654694 0.4390934844192636
0 0.3184055612480661 0.37393767705382447 0.13645952624917135 0.38526912181303125
1 0.4645309706065538 0.6968838526912182 0.1489683161553453 0.44192634560906513
1 0.09381592429630524 0.8257790368271956 0.17853454684266573 0.3484419263456091
0 0.4787455045908425 0.24362606232294617 0.16602575693649158 0.44192634560906513
0 0.7829365318546201 0.2691218130311615 0.11712776003053861 0.2946175637393768
0 0.8886926646977277 0.40226628895184136 0.1671629196552348 0.4305949008498584
0 0.8864183392602415 0.7960339943342777 0.1990034757800413 0.27195467422096314
0 0.711295280573805 0.6501416430594901 0.10803045828059382 0.546742209631728
0 0.618616518996243 0.5 0.15465412974906073 0.518413597733711
0 0.2814477728889157 0.7549575070821529 0.17853454684266568 0.3881019830028328
