0 0.16888786764705885 0.17279411764705885 0.07858455882352942 0.10661764705882351
1 0.37224264705882354 0.16544117647058826 0.14889705882352938 0.18382352941176472
0 0.5473345588235294 0.2113970588235294 0.140625 0.1948529411764706
1 0.7279411764705884 0.14338235294117646 0.1488970588235294 0.1948529411764706
0 0.8768382352941176 0.36580882352941174 0.07720588235294101 0.1360294117647059
0 0.743795955882353 0.39797794117647056 0.07582720588235305 0.08639705882352942
1 0.5335477941176471 0.41360294117647056 0.13511029411764702 0.17279411764705885
0 0.4170496323529412 0.3731617647058823 0.07306985294117645 0.16911764705882354
1 0.17164522058823534 0.4862132352941177 0.1585477941176471 0.20772058823529413
1 0.2426470588235294 0.7325367647058824 0.13511029411764708 0.18198529411764697
1 0.3770680147058824 0.6056985294117646 0.13648897058823536 0.1893382352941176
0 0.5363051470588236 0.6075367647058824 0.07720588235294117 0.1672794117647058
1 0.7127757352941176 0.6075367647058824 0.1488970588235294 0.20036764705882362
1 0.7920496323529413 0.853860294117647 0.13924632352941188 0.18933823529411753
0 0.6824448529411765 0.8299632352941176 0.06893382352941174 0.21507352941176477
1 0.40946691176470595 0.8216911764705883 0.15165441176470587 0.20220588235294115
