1 0.09034090909090908 0.29537507946598857 0.1625 0.29959472345835986
1 0.2545454545454545 0.4071956452638271 0.14545454545454542 0.3544500953591863
1 0.4073863636363636 0.29221034647171007 0.1693181818181818 0.29748490146217416
1 0.5727272727272728 0.4515019071837254 0.15454545454545454 0.28271614748887486
1 0.7318181818181819 0.3460108073744438 0.19545454545454546 0.3417911633820725
1 0.9051136363636364 0.3027594564526383 0.15568181818181814 0.3017045454545455
1 0.9647727272727274 0.5276664780266936 0.07045454545454523 0.2021209536732494
1 0.9426136363636364 0.7154406356872152 0.11477272727272719 0.28735774944181736
1 0.8335227272727272 0.5675421169739352 0.11250000000000014 0.21942148760330574
1 0.7551136363636363 0.746876986649714 0.11704545454545454 0.2405197075651621
1 0.6142045454545455 0.7289434996821362 0.17159090909090907 0.3143634774316593
1 0.4028409090909091 0.6076287349014621 0.1761363636363634 0.35866973935155744
1 0.24829545454545454 0.7162845677050222 0.13295454545454544 0.22997059758423397
1 0.10454545454545455 0.6171229338842976 0.18181818181818182 0.3354616973935155
