0 0.22748161764705885 0.18106617647058826 0.11305147058823532 0.15625000000000003
1 0.4129136029411765 0.10569852941176469 0.1530330882352942 0.17830882352941174
0 0.6017922794117648 0.23805147058823528 0.07858455882352927 0.1047794117647059
1 0.8513327205882354 0.16268382352941174 0.14751838235294115 0.18933823529411764
0 0.09857536764705883 0.39889705882352944 0.15303308823529413 0.16176470588235292
0 0.3067555147058824 0.5009191176470589 0.13648897058823536 0.1636029411764706
0 0.4556525735294119 0.44209558823529405 0.16681985294117652 0.1966911764705882
0 0.6962316176470589 0.47334558823529416 0.12132352941176477 0.2261029411764706
0 0.8899356617647061 0.5615808823529411 0.1585477941176471 0.15992647058823528
0 0.5425091911764707 0.8134191176470589 0.05928308823529413 0.08272058823529406
0 0.34742647058823534 0.8731617647058824 0.05514705882352946 0.09558823529411768
0 0.13235294117647062 0.7113970588235294 0.18750000000000003 0.21323529411764702
