0 0.20404411764705876 0.22886029411764716 0.08272058823529414 0.15625
0 0.37500000000000006 0.1590073529411765 0.140625 0.20404411764705885
0 0.6183363970588236 0.25735294117647056 0.09512867647058826 0.12867647058823534
0 0.8361672794117648 0.20036764705882354 0.14200367647058812 0.17647058823529413
0 0.8285845588235295 0.5238970588235294 0.0882352941176471 0.125
0 0.5831801470588236 0.4669117647058823 0.03860294117647051 0.05514705882352949
0 0.3798253676470588 0.4944852941176471 0.20542279411764708 0.2205882352941176
0 0.11649816176470588 0.4632352941176471 0.19715073529411764 0.24632352941176472
0 0.21576286764705885 0.7628676470588235 0.10064338235294117 0.1397058823529413
0 0.3894761029411765 0.7922794117647058 0.16130514705882354 0.2132352941176471
0 0.673483455882353 0.7959558823529411 0.10064338235294117 0.19117647058823536
0 0.8954503676470594 0.7306985294117649 0.1585477941176463 0.12683823529411742
