1 0.17578125 0.13786764705882354 0.15579044117647062 0.1801470588235294
0 0.4659926470588236 0.16176470588235298 0.06066176470588239 0.09191176470588236
1 0.6279871323529413 0.2104779411764706 0.15027573529411775 0.19301470588235298
0 0.7658547794117649 0.2821691176470588 0.07858455882352942 0.1341911764705882
1 0.2054227941176471 0.45772058823529416 0.16268382352941177 0.19852941176470595
0 0.3887867647058824 0.5 0.07169117647058826 0.07720588235294117
1 0.6059283088235294 0.5321691176470589 0.13924632352941174 0.1783088235294118
0 0.9161305147058825 0.5569852941176471 0.06204044117647044 0.125
0 0.1868106617647059 0.7159926470588235 0.1640625 0.20772058823529405
1 0.41498161764705893 0.7931985294117646 0.17371323529411767 0.2261029411764706
0 0.6817555147058825 0.9053308823529411 0.07306985294117652 0.10477941176470594
0 0.7996323529411765 0.8566176470588235 0.12132352941176464 0.1948529411764706
