0 0.1254595588235294 0.22426470588235298 0.09375 0.1360294117647059
0 0.2950367647058824 0.15441176470588236 0.09926470588235294 0.125
1 0.5507812500000001 0.16636029411764708 0.14476102941176477 0.18198529411764708
1 0.7051930147058825 0.1645220588235294 0.16130514705882354 0.2040441176470588
1 0.872702205882353 0.1452205882352941 0.1626838235294116 0.19852941176470587
0 0.8161764705882354 0.34375 0.09375 0.125
1 0.6700367647058825 0.39522058823529416 0.140625 0.1801470588235294
0 0.5232077205882354 0.37132352941176466 0.1171875 0.13602941176470587
0 0.380514705882353 0.36764705882352944 0.0827205882352942 0.09191176470588232
0 0.1792279411764706 0.5698529411764706 0.09926470588235294 0.13970588235294115
0 0.2674632352941177 0.744485294117647 0.07169117647058826 0.09191176470588246
1 0.41015625 0.828125 0.1392463235294118 0.19301470588235303
0 0.5811121323529412 0.8244485294117646 0.1171875 0.1488970588235294
0 0.708639705882353 0.810661764705882 0.08272058823529425 0.13235294117647078
0 0.8513327205882354 0.610294117647059 0.169577205882353 0.22426470588235317
1 0.638327205882353 0.6130514705882353 0.1654411764705884 0.21507352941176477
1 0.4590992647058824 0.6011029411764706 0.1819852941176471 0.22058823529411767
