0 0.12063419117647058 0.3731617647058824 0.14200367647058823 0.15441176470588236
0 0.4149816176470588 0.3584558823529412 0.10753676470588239 0.1470588235294118
0 0.5948988970588236 0.3584558823529412 0.1778492647058824 0.21323529411764708
1 0.8361672794117646 0.3943014705882353 0.12821691176470595 0.18566176470588236
0 0.42118566176470595 0.6029411764705883 0.1254595588235294 0.21691176470588233
0 0.2254136029411765 0.6415441176470589 0.11994485294117645 0.10661764705882348
0 0.36328125 0.8400735294117646 0.10064338235294124 0.13602941176470595
1 0.5645680147058825 0.8345588235294119 0.1392463235294118 0.1948529411764706
0 0.7300091911764707 0.697610294117647 0.10064338235294117 0.17830882352941174
0 0.6052389705882354 0.6011029411764708 0.12408088235294125 0.15441176470588272
