1 0.16268382352941177 0.23897058823529413 0.15992647058823528 0.1875
1 0.17164522058823534 0.5367647058823529 0.15303308823529416 0.2022058823529411
1 0.1551011029411765 0.8419117647058824 0.1778492647058824 0.20220588235294115
0 0.3929227941176471 0.765625 0.09650735294117652 0.1341911764705884
0 0.34811580882352944 0.260110294117647 0.05652573529411765 0.07536764705882351
0 0.4384191176470588 0.3115808823529412 0.05238970588235297 0.031249999999999965
1 0.5893841911764707 0.22977941176470587 0.14476102941176472 0.19852941176470587
0 0.7630974264705884 0.19761029411764708 0.09237132352941174 0.10845588235294118
1 0.8265165441176472 0.49080882352941174 0.1585477941176471 0.19852941176470587
0 0.8623621323529411 0.7683823529411765 0.1557904411764706 0.20955882352941174
1 0.626608455882353 0.78125 0.1668198529411766 0.22058823529411767
1 0.6534926470588235 0.49724264705882354 0.1488970588235294 0.18566176470588233
1 0.45427389705882354 0.5330882352941176 0.17784926470588233 0.22426470588235303
