1 0.09030330882352942 0.3134191176470588 0.15303308823529413 0.21875000000000003
0 0.2405790441176471 0.3759191176470588 0.07306985294117649 0.1341911764705882
1 0.3157169117647059 0.3272058823529412 0.09926470588235298 0.13235294117647053
0 0.41153492647058826 0.20404411764705885 0.05652573529411768 0.08088235294117649
1 0.5880055147058825 0.21599264705882354 0.13648897058823542 0.17830882352941177
1 0.8265165441176471 0.24816176470588236 0.14751838235294115 0.20220588235294115
0 0.9161305147058831 0.4163602941176467 0.10615808823529413 0.11213235294117652
0 0.6831341911764707 0.484375 0.03170955882352942 0.04963235294117645
1 0.49425551470588247 0.3897058823529412 0.13648897058823536 0.1801470588235294
1 0.5066636029411765 0.5955882352941176 0.13373161764705885 0.15808823529411767
1 0.6638327205882354 0.6121323529411765 0.14476102941176464 0.18014705882352935
0 0.84375 0.771139705882353 0.05514705882352942 0.13786764705882362
1 0.7934283088235295 0.4944852941176471 0.13097426470588247 0.19485294117647065
0 0.1826746323529412 0.5477941176470589 0.10064338235294121 0.1580882352941176
0 0.3343290441176471 0.6231617647058824 0.12545955882352947 0.22058823529411767
0 0.20266544117647062 0.8051470588235294 0.09099264705882355 0.10661764705882348
1 0.33501838235294124 0.8584558823529411 0.14062500000000003 0.19852941176470595
1 0.4694393382352942 0.7784926470588235 0.1116727941176471 0.16727941176470595
0 0.614889705882353 0.8483455882352942 0.09375 0.10110294117647058
