0 0.10202205882352942 0.43474264705882354 0.11580882352941177 0.18566176470588233
1 0.28262867647058826 0.5303308823529411 0.140625 0.1856617647058824
1 0.15579044117647062 0.6488970588235294 0.13786764705882354 0.17647058823529413
0 0.3874080882352942 0.765625 0.03308823529411761 0.05698529411764696
0 0.48805147058823534 0.8235294117647058 0.04963235294117652 0.0625
1 0.7100183823529413 0.7729779411764706 0.1571691176470589 0.18933823529411767
0 0.8327205882352942 0.5441176470588235 0.04411764705882348 0.0661764705882353
0 0.8230698529411765 0.3419117647058823 0.07169117647058826 0.10661764705882355
0 0.4611672794117648 0.5284926470588236 0.05928308823529413 0.0680147058823529
0 0.6845128676470589 0.5119485294117647 0.0592830882352942 0.07904411764705883
0 0.5776654411764706 0.3336397058823529 0.12408088235294124 0.1893382352941176
0 0.3088235294117647 0.375 0.07444852941176475 0.08455882352941174
