1 0.10684742647058824 0.17095588235294115 0.19990808823529413 0.23897058823529413
1 0.3343290441176471 0.20404411764705885 0.15303308823529413 0.22794117647058823
1 0.6390165441176471 0.18658088235294115 0.1861213235294118 0.25183823529411764
1 0.8278952205882354 0.0900735294117647 0.18336397058823536 0.17279411764705885
1 0.8885569852941176 0.3023897058823529 0.19715073529411783 0.23713235294117646
1 0.6727941176470589 0.44669117647058826 0.1792279411764706 0.24264705882352935
1 0.8527113970588236 0.5670955882352942 0.15027573529411767 0.2113970588235294
1 0.6721047794117648 0.7261029411764707 0.18612132352941188 0.22794117647058826
0 0.49494485294117646 0.5937500000000001 0.135110294117647 0.17279411764705854
0 0.4404871323529412 0.25459558823529416 0.08134191176470587 0.08639705882352942
0 0.4866727941176471 0.3226102941176471 0.07720588235294124 0.0974264705882353
0 0.34742647058823534 0.4384191176470588 0.0744485294117647 0.0900735294117647
1 0.1254595588235294 0.46047794117647056 0.2178308823529412 0.255514705882353
1 0.22679227941176477 0.6976102941176471 0.20266544117647065 0.2702205882352942
