1 0.88671875 0.13511029411764708 0.22656249999999986 0.255514705882353
1 0.6403952205882354 0.2012867647058824 0.19439338235294124 0.18933823529411767
1 0.4356617647058824 0.23161764705882354 0.23437500000000003 0.2647058823529412
1 0.20886948529411767 0.2178308823529412 0.23575367647058826 0.2481617647058824
1 0.1943933823529412 0.5303308823529411 0.19301470588235298 0.2518382352941176
1 0.39912683823529416 0.546875 0.21093749999999997 0.2996323529411765
1 0.6390165441176471 0.44577205882352944 0.2550551470588235 0.30330882352941174
1 0.7665441176470589 0.7398897058823529 0.21231617647058826 0.2738970588235295
1 0.31778492647058826 0.8483455882352942 0.2219669117647059 0.2775735294117648
1 0.10340073529411767 0.7904411764705883 0.20680147058823534 0.2941176470588235
0 0.5438878676470589 0.703125 0.06479779411764702 0.11213235294117652
0 0.8933823529411765 0.5211397058823529 0.140625 0.20404411764705885
