1 0.26539522058823534 0.16084558823529413 0.17233455882352947 0.21875
0 0.5073529411764707 0.27481617647058826 0.17647058823529413 0.18933823529411767
0 0.755514705882353 0.2509191176470588 0.12132352941176464 0.21507352941176472
0 0.8678768382352942 0.6011029411764707 0.08685661764705883 0.2132352941176471
0 0.7176011029411765 0.5367647058823529 0.15027573529411767 0.16911764705882354
0 0.5183823529411765 0.4908088235294118 0.13511029411764716 0.1544117647058823
1 0.3377757352941177 0.5294117647058824 0.17371323529411764 0.22426470588235298
0 0.1551011029411765 0.5045955882352942 0.08685661764705883 0.11213235294117652
0 0.08340992647058819 0.7417279411764705 0.04825367647058821 0.15992647058823542
0 0.32743566176470595 0.8327205882352942 0.12821691176470587 0.17647058823529405
0 0.5418198529411765 0.8538602941176471 0.13511029411764716 0.20404411764705885
0 0.8292738970588236 0.802389705882353 0.11994485294117652 0.18933823529411753
