0 0.1227022058823529 0.44485294117647073 0.12408088235294112 0.2022058823529411
0 0.2757352941176471 0.25919117647058826 0.1323529411764706 0.14705882352941177
0 0.4597886029411765 0.22794117647058823 0.1254595588235294 0.15073529411764702
0 0.696920955882353 0.1553308823529412 0.1282169117647058 0.17830882352941177
1 0.6403952205882354 0.40165441176470584 0.1309742647058824 0.17095588235294115
1 0.8940716911764707 0.4742647058823529 0.15303308823529405 0.19117647058823528
0 0.7169117647058825 0.6911764705882352 0.14338235294117652 0.19117647058823528
0 0.5059742647058824 0.7454044117647058 0.1351102941176471 0.1709558823529413
0 0.43083639705882354 0.5137867647058824 0.10340073529411768 0.20036764705882354
0 0.3026194852941177 0.6737132352941176 0.11167279411764706 0.13786764705882354
