1 0.20473345588235298 0.21875 0.14476102941176472 0.17647058823529413
0 0.3936121323529412 0.1957720588235294 0.12821691176470587 0.15625000000000003
0 0.6900275735294119 0.17555147058823528 0.1254595588235294 0.15257352941176472
0 0.8437500000000001 0.3143382352941177 0.1516544117647058 0.1397058823529412
0 0.22954963235294124 0.5450367647058824 0.1475183823529412 0.11580882352941174
1 0.42876838235294124 0.5073529411764706 0.15441176470588233 0.2095588235294118
0 0.6707261029411765 0.5018382352941176 0.1557904411764705 0.1323529411764705
0 0.8982077205882354 0.5680147058823529 0.08961397058823536 0.10294117647058826
0 0.21231617647058826 0.7794117647058824 0.11856617647058823 0.1323529411764706
1 0.4204963235294119 0.7720588235294117 0.14613970588235298 0.20955882352941188
1 0.626608455882353 0.7895220588235294 0.1668198529411766 0.2077205882352942
1 0.8885569852941176 0.8483455882352942 0.1640625 0.2334558823529413
