1 0.2136948529411765 0.21323529411764702 0.1516544117647059 0.20588235294117646
1 0.6452205882352942 0.125 0.16544117647058812 0.21691176470588236
1 0.368795955882353 0.3299632352941177 0.14200367647058823 0.18198529411764702
1 0.22403492647058826 0.44485294117647056 0.1640625 0.20220588235294115
0 0.2853860294117647 0.6700367647058824 0.0744485294117647 0.09007352941176477
0 0.4515165441176471 0.7582720588235294 0.1254595588235294 0.15992647058823536
0 0.4025735294117648 0.5404411764705883 0.03308823529411775 0.05147058823529413
1 0.5314797794117648 0.3180147058823529 0.18060661764705876 0.2205882352941176
0 0.5942095588235294 0.5523897058823529 0.06893382352941174 0.10110294117647058
0 0.6665900735294119 0.36213235294117646 0.06479779411764702 0.09558823529411764
0 0.7486213235294119 0.4227941176470588 0.03584558823529406 0.04411764705882348
1 0.8582261029411765 0.41268382352941174 0.12545955882352955 0.18566176470588233
1 0.9133731617647061 0.6056985294117646 0.15027573529411753 0.1893382352941176
1 0.8444393382352942 0.8272058823529411 0.16681985294117652 0.25367647058823534
0 0.5459558823529412 0.7518382352941176 0.02757352941176478 0.04044117647058826
0 0.7403492647058824 0.582720588235294 0.10477941176470594 0.10294117647058819
