0 0.1123621323529412 0.3446691176470588 0.08409926470588233 0.11580882352941177
1 0.14613970588235295 0.5257352941176471 0.13511029411764708 0.16911764705882354
0 0.2681525735294118 0.7233455882352942 0.05101102941176475 0.08272058823529406
0 0.41911764705882354 0.8134191176470589 0.05514705882352942 0.06433823529411768
0 0.6314338235294117 0.7775735294117649 0.06893382352941148 0.06249999999999997
0 0.7927389705882354 0.5367647058823529 0.07996323529411768 0.09558823529411768
0 0.8210018382352942 0.3538602941176473 0.059283088235293956 0.09375000000000039
1 0.6397058823529412 0.27389705882352944 0.16544117647058826 0.19852941176470595
0 0.7038143382352942 0.5376838235294117 0.09237132352941188 0.11580882352941174
1 0.5163143382352942 0.526654411764706 0.15027573529411767 0.1893382352941176
1 0.3460477941176471 0.5404411764705883 0.1378676470588235 0.18014705882352935
0 0.33708639705882354 0.3262867647058823 0.0868566176470588 0.11580882352941181
