0 0.8403033088235295 0.9044117647058824 0.08134191176470594 0.125
0 0.6079963235294118 0.4963235294117647 0.046875 0.08455882352941174
0 0.14131433823529413 0.31893382352941174 0.10615808823529413 0.1415441176470588
0 0.4018841911764707 0.1948529411764706 0.08134191176470594 0.1213235294117647
1 0.632123161764706 0.26286764705882354 0.19163602941176464 0.2536764705882353
0 0.9678308823529413 0.25 0.04963235294117652 0.1213235294117647
0 0.7989430147058824 0.5349264705882353 0.053768382352941305 0.08088235294117638
1 0.392233455882353 0.546875 0.1557904411764706 0.2113970588235295
0 0.35914522058823534 0.8952205882352942 0.05652573529411761 0.05147058823529406
0 0.08340992647058824 0.8005514705882354 0.03170955882352941 0.06433823529411768
0 0.13717830882352944 0.5137867647058824 0.07306985294117649 0.0974264705882353
1 0.6300551470588236 0.8088235294117646 0.1764705882352942 0.23897058823529405
