0 0.10684742647058826 0.38327205882352944 0.08685661764705883 0.11948529411764702
0 0.08134191176470588 0.6305147058823529 0.06893382352941177 0.16911764705882362
0 0.23782169117647062 0.7251838235294119 0.0647977941176471 0.08272058823529406
1 0.3095128676470588 0.5698529411764706 0.14200367647058826 0.1948529411764705
0 0.4694393382352942 0.49540441176470584 0.07306985294117645 0.09742647058823523
0 0.44669117647058826 0.8097426470588235 0.05238970588235297 0.07536764705882348
1 0.6920955882352942 0.7647058823529411 0.1488970588235294 0.20955882352941188
0 0.8816636029411765 0.5698529411764706 0.039981617647058695 0.0625
0 0.8327205882352942 0.24724264705882354 0.14613970588235303 0.13419117647058823
0 0.5425091911764707 0.15257352941176472 0.04273897058823529 0.04779411764705884
0 0.3660386029411765 0.27022058823529416 0.0951286764705883 0.19485294117647062
0 0.6989889705882354 0.48897058823529416 0.046875 0.08455882352941174
