1 0.1750919117647059 0.15349264705882354 0.1488970588235294 0.18566176470588236
0 0.43290441176470595 0.1957720588235294 0.151654411764706 0.19301470588235292
0 0.6355698529411765 0.12683823529411767 0.09650735294117645 0.16544117647058826
1 0.8485753676470589 0.25827205882352944 0.1640625 0.2077205882352941
0 0.9147518382352942 0.5808823529411764 0.09237132352941188 0.1323529411764706
0 0.825827205882353 0.7251838235294119 0.08547794117647058 0.09007352941176477
0 0.6348805147058825 0.8170955882352942 0.13648897058823542 0.15992647058823523
0 0.43497242647058826 0.7003676470588235 0.05652573529411768 0.07352941176470594
0 0.37637867647058826 0.44209558823529416 0.16544117647058823 0.15992647058823536
0 0.14269301470588236 0.43290441176470584 0.1282169117647059 0.19669117647058826
0 0.2178308823529412 0.7196691176470589 0.10202205882352942 0.2555147058823528
0 0.6224724264705883 0.5266544117647058 0.21645220588235298 0.16727941176470595
