0 0.20473345588235298 0.18750000000000003 0.14476102941176472 0.3088235294117647
0 0.4149816176470588 0.19117647058823528 0.1571691176470589 0.16911764705882354
0 0.5948988970588236 0.23161764705882354 0.0703125 0.15073529411764708
0 0.8382352941176471 0.13602941176470587 0.07996323529411768 0.07720588235294117
0 0.8768382352941176 0.5229779411764706 0.14338235294117638 0.21507352941176464
0 0.6700367647058825 0.5082720588235294 0.13786764705882354 0.17830882352941174
0 0.4142922794117648 0.5330882352941176 0.16406250000000008 0.1948529411764705
0 0.19301470588235298 0.5294117647058824 0.14889705882352944 0.20955882352941174
0 0.1551011029411765 0.832720588235294 0.13373161764705885 0.20588235294117652
0 0.38327205882352944 0.8428308823529411 0.13511029411764708 0.1819852941176471
1 0.6465992647058824 0.8161764705882354 0.1461397058823529 0.1948529411764706
0 0.8575367647058825 0.8308823529411765 0.11305147058823536 0.16911764705882348
