1 0.333639705882353 0.18566176470588233 0.16544117647058823 0.20588235294117646
1 0.1164981617647059 0.5560661764705883 0.21645220588235298 0.2408088235294118
0 0.22265625000000003 0.9522058823529411 0.14751838235294118 0.09558823529411768
1 0.3991268382352942 0.8933823529411765 0.17509191176470587 0.2132352941176471
1 0.6169577205882354 0.8630514705882354 0.1557904411764706 0.21507352941176477
1 0.7934283088235295 0.8529411764705883 0.16406250000000014 0.20220588235294115
1 0.7045036764705884 0.6663602941176471 0.16819852941176477 0.2261029411764705
0 0.8534007352941176 0.5220588235294117 0.11580882352941188 0.14338235294117646
0 0.8623621323529413 0.3419117647058823 0.1171875 0.16911764705882354
1 0.7238051470588236 0.16544117647058823 0.17095588235294115 0.22426470588235292
0 0.6955422794117645 0.4485294117647058 0.11994485294117646 0.15808823529411753
0 0.5170036764705883 0.4209558823529412 0.10202205882352942 0.17647058823529405
0 0.5611213235294118 0.1727941176470588 0.12959558823529405 0.2316176470588235
0 0.3694852941176471 0.3713235294117647 0.07720588235294117 0.08455882352941174
0 0.32950367647058826 0.6571691176470589 0.09375 0.12683823529411767
1 0.5101102941176471 0.6663602941176471 0.18198529411764702 0.21507352941176472
