0 0.15579044117647062 0.24816176470588233 0.0854779411764706 0.10661764705882351
0 0.4260110294117648 0.18841911764705888 0.12683823529411775 0.15257352941176472
0 0.608685661764706 0.2803308823529412 0.08409926470588239 0.11213235294117649
1 0.884420955882353 0.24908088235294115 0.1557904411764706 0.21875
0 0.8361672794117648 0.5634191176470589 0.09237132352941188 0.1341911764705882
1 0.6307444852941176 0.504595588235294 0.14751838235294115 0.1966911764705882
0 0.39981617647058826 0.4852941176470588 0.20128676470588236 0.13602941176470595
0 0.11167279411764708 0.5386029411764706 0.19577205882352947 0.2095588235294118
0 0.21438419117647062 0.8290441176470589 0.09237132352941181 0.24264705882352927
0 0.37224264705882354 0.8207720588235294 0.14889705882352938 0.21507352941176464
0 0.5907628676470589 0.7738970588235294 0.14200367647058834 0.23529411764705885
0 0.8920036764705881 0.8097426470588232 0.1544117647058817 0.2187499999999996
