0 0.21783088235294124 0.1488970588235294 0.06066176470588235 0.10294117647058826
0 0.37017463235294124 0.19209558823529413 0.04549632352941174 0.06066176470588235
1 0.6479779411764707 0.23713235294117646 0.15992647058823523 0.21691176470588233
0 0.8003216911764707 0.5431985294117646 0.11167279411764695 0.10477941176470587
0 0.8975183823529411 0.7417279411764705 0.1351102941176471 0.1636029411764706
0 0.5790441176470589 0.7748161764705881 0.06341911764705892 0.08639705882352942
1 0.5390625 0.46599264705882354 0.17647058823529413 0.22977941176470595
0 0.3026194852941177 0.5294117647058824 0.1171875 0.13970588235294115
0 0.09512867647058826 0.400735294117647 0.09099264705882355 0.08455882352941174
0 0.1130514705882353 0.5551470588235294 0.04963235294117647 0.05147058823529413
0 0.1592371323529412 0.6424632352941176 0.07306985294117646 0.08639705882352942
0 0.29986213235294124 0.7104779411764705 0.08685661764705883 0.10110294117647058
