0 0.28400735294117646 0.05514705882352941 0.1323529411764706 0.11029411764705882
1 0.46254595588235303 0.22977941176470587 0.18060661764705876 0.25
0 0.7127757352941176 0.3566176470588235 0.0523897058823529 0.05147058823529413
1 0.8795955882352942 0.28584558823529416 0.19025735294117652 0.25919117647058826
1 0.2288602941176471 0.5128676470588235 0.1709558823529412 0.18382352941176472
0 0.4198069852941177 0.4705882352941177 0.06204044117647058 0.09191176470588239
1 0.6955422794117648 0.5431985294117646 0.199908088235294 0.24816176470588225
0 0.907858455882353 0.5670955882352942 0.10340073529411768 0.15257352941176477
0 0.2840073529411765 0.7150735294117646 0.07169117647058823 0.0992647058823529
1 0.6183363970588236 0.7931985294117646 0.18612132352941166 0.2444852941176471
