1 0.0978860294117647 0.2490808823529412 0.16268382352941177 0.20772058823529413
1 0.18129595588235298 0.5073529411764706 0.14200367647058823 0.1875
0 0.23782169117647062 0.6727941176470589 0.10064338235294117 0.12867647058823536
0 0.3915441176470588 0.7380514705882354 0.12408088235294117 0.1488970588235294
0 0.5183823529411765 0.7830882352941176 0.11029411764705883 0.13970588235294115
1 0.7134650735294119 0.6801470588235294 0.11443014705882348 0.18382352941176464
0 0.8623621323529413 0.6424632352941176 0.10340073529411768 0.13051470588235303
0 0.8664981617647058 0.39062499999999967 0.16681985294117685 0.12683823529411756
0 0.7396599264705883 0.2674632352941176 0.10064338235294117 0.12683823529411764
0 0.71484375 0.46231617647058826 0.09512867647058826 0.16727941176470587
1 0.5535386029411765 0.47610294117647056 0.15027573529411767 0.19117647058823528
1 0.3736213235294118 0.47334558823529416 0.140625 0.17830882352941174
0 0.32329963235294124 0.2591911764705882 0.13373161764705885 0.1727941176470588
0 0.5101102941176471 0.20680147058823528 0.140625 0.18566176470588233
