1 0.709602332057083 0.5321691176470589 0.2539882817032138 0.6305147058823529
1 0.9213075762849519 0.45974264425389905 0.1573848474300962 0.4452205826254453
1 0.8665375913679081 0.12591911764705882 0.26692481726418377 0.25183823529411764
1 0.6042754379858453 0.10845588235294118 0.2600069613644274 0.2058823529411765
1 0.33885166492632557 0.13051470588235295 0.26843311289012645 0.23529411764705885
1 0.456817786286112 0.4476102941176471 0.2708405847546119 0.36580882352941174
1 0.45441031442162666 0.8299632352941176 0.2732480566190973 0.3400735294117648
1 0.692750029005685 0.9273897058823529 0.2250986193293886 0.1452205882352942
1 0.9062608771319176 0.847426470588235 0.18747824573616417 0.3051470588235293
1 0.18477346559925745 0.4117647058823529 0.2828779440770391 0.36397058823529416
1 0.197412692887806 0.7996323529411765 0.2888966237382527 0.3602941176470587
1 0.07463162779904862 0.9193014677833108 0.14926325559809725 0.15404412325690786
1 0.05176064508643694 0.6277573529411764 0.08666898712147582 0.4393382352941176
1 0.11014183780020885 0.1213235294117647 0.21306126000696135 0.2426470588235294
