0 0.2012867647058824 0.3759191176470588 0.10477941176470588 0.10477941176470587
1 0.10064338235294118 0.5818014705882353 0.16819852941176472 0.21507352941176477
0 0.36397058823529416 0.7647058823529411 0.05514705882352942 0.05514705882352928
1 0.515625 0.7380514705882354 0.17095588235294124 0.2261029411764706
0 0.6865808823529413 0.739889705882353 0.11580882352941188 0.1930147058823529
1 0.8596047794117649 0.7012867647058824 0.14476102941176477 0.20036764705882362
0 0.8864889705882354 0.511029411764706 0.0882352941176471 0.09926470588235298
1 0.7327665441176472 0.5009191176470589 0.13924632352941174 0.1930147058823529
0 0.7755055147058825 0.2931985294117647 0.08409926470588232 0.11948529411764706
0 0.6783088235294119 0.1332720588235294 0.07720588235294124 0.13051470588235292
0 0.5535386029411765 0.47794117647058826 0.07306985294117638 0.12867647058823528
1 0.36397058823529416 0.4788602941176471 0.1433823529411765 0.18198529411764702
0 0.39361213235294124 0.27481617647058826 0.08685661764705883 0.10110294117647062
