0 0.10546875000000001 0.4237132352941177 0.08685661764705883 0.11580882352941181
0 0.2454044117647059 0.20128676470588236 0.1130514705882353 0.10845588235294117
0 0.5011488970588236 0.10386029411764706 0.11994485294117645 0.11948529411764705
0 0.6755514705882354 0.23805147058823528 0.09375 0.12316176470588232
1 0.8940716911764707 0.27022058823529416 0.13373161764705885 0.18382352941176466
0 0.8044577205882354 0.5441176470588236 0.0647977941176471 0.09191176470588232
0 0.6073069852941176 0.4191176470588235 0.03446691176470594 0.04044117647058819
0 0.4942555147058824 0.4880514705882353 0.1116727941176471 0.13419117647058826
1 0.31571691176470584 0.4586397058823529 0.14062499999999997 0.17463235294117646
1 0.11029411764705883 0.6829044117647058 0.16819852941176472 0.2261029411764706
0 0.39499080882352944 0.802389705882353 0.05376838235294123 0.04963235294117638
0 0.5859375000000001 0.71875 0.09650735294117652 0.15441176470588233
1 0.85546875 0.7794117647058824 0.14200367647058826 0.20588235294117638
