0 0.14820772058823525 0.36764705882352944 0.08409926470588233 0.06617647058823539
0 0.2405790441176471 0.3382352941176471 0.06204044117647054 0.05147058823529413
0 0.03860294117647059 0.5762867647058824 0.06066176470588235 0.10477941176470587
0 0.17440257352941177 0.8042279411764707 0.11443014705882354 0.1194852941176471
1 0.33915441176470595 0.7132352941176471 0.15992647058823536 0.2169117647058824
0 0.4439338235294118 0.9145220588235294 0.08272058823529406 0.1047794117647058
0 0.6376378676470589 0.8189338235294117 0.10340073529411754 0.17830882352941188
0 0.7782628676470589 0.7049632352941176 0.07858455882352942 0.08639705882352942
1 0.9264705882352942 0.4981617647058823 0.14338235294117652 0.21323529411764702
1 0.7706801470588236 0.3731617647058823 0.1516544117647058 0.23161764705882354
1 0.6252297794117648 0.27941176470588236 0.16406250000000008 0.19852941176470587
1 0.6424632352941176 0.5128676470588236 0.17095588235294115 0.21691176470588233
1 0.47357536764705893 0.17647058823529413 0.14200367647058826 0.1948529411764706
0 0.3577665441176471 0.29963235294117646 0.075827205882353 0.11764705882352938
1 0.48529411764705893 0.3878676470588235 0.16544117647058826 0.20588235294117646
1 0.30744485294117646 0.4990808823529412 0.16819852941176472 0.1966911764705882
0 0.49701286764705893 0.6056985294117648 0.11167279411764687 0.1415441176470589
