1 0.24540441176470587 0.1645220588235294 0.24540441176470587 0.31066176470588236
0 0.6162683823529412 0.5101102941176471 0.05514705882352942 0.10110294117647065
0 0.3991268382352942 0.2417279411764706 0.05376838235294116 0.0900735294117647
0 0.48598345588235303 0.19301470588235292 0.0896139705882353 0.11764705882352942
0 0.7217371323529411 0.15073529411764708 0.10064338235294101 0.125
0 0.6590073529411765 0.19117647058823528 0.07996323529411761 0.17279411764705885
0 0.6417738970588235 0.7261029411764705 0.07306985294117638 0.1323529411764706
1 0.4439338235294118 0.7867647058823529 0.2509191176470589 0.3198529411764707
1 0.14407169117647065 0.8290441176470589 0.27435661764705893 0.3382352941176471
0 0.15234375000000003 0.4044117647058823 0.23575367647058829 0.20955882352941174
1 0.42876838235294124 0.4825367647058823 0.20955882352941174 0.27022058823529416
