1 0.1213235294117647 0.19209558823529413 0.14338235294117646 0.17463235294117646
0 0.3191636029411765 0.21783088235294115 0.13648897058823525 0.13419117647058823
1 0.5204503676470589 0.19209558823529413 0.14476102941176472 0.20404411764705885
0 0.7010569852941176 0.14154411764705885 0.08961397058823523 0.07352941176470588
0 0.918887867647059 0.15073529411764708 0.07306985294117652 0.09926470588235295
0 0.11374080882352942 0.4742647058823529 0.12270220588235295 0.12867647058823528
1 0.3439797794117648 0.4806985294117647 0.15579044117647065 0.19669117647058826
0 0.5045955882352942 0.5183823529411765 0.06066176470588239 0.08455882352941181
0 0.707950367647059 0.484375 0.07306985294117652 0.1672794117647058
0 0.92578125 0.5018382352941176 0.13097426470588247 0.19117647058823528
1 0.1985294117647059 0.7647058823529411 0.1323529411764706 0.18014705882352927
0 0.3694852941176471 0.7049632352941176 0.0882352941176471 0.10845588235294117
0 0.5004595588235294 0.6948529411764707 0.07169117647058826 0.10294117647058826
0 0.7341452205882354 0.6783088235294117 0.06755514705882362 0.10294117647058819
1 0.8651194852941176 0.7196691176470589 0.12821691176470595 0.17095588235294124
