1 0.1171875 0.15625 0.14613970588235295 0.2058823529411765
1 0.3322610294117648 0.20496323529411767 0.14613970588235298 0.1819852941176471
0 0.5404411764705883 0.2711397058823529 0.09099264705882362 0.1268382352941176
1 0.6927849264705884 0.2665441176470588 0.11994485294117638 0.1654411764705882
0 0.8623621323529411 0.171875 0.08685661764705899 0.10477941176470587
1 0.896139705882353 0.39522058823529416 0.1488970588235294 0.1985294117647059
0 0.8995863970588236 0.6856617647058824 0.09788602941176464 0.14705882352941174
0 0.7134650735294119 0.5073529411764706 0.1227022058823529 0.13602941176470587
0 0.5494025735294119 0.48805147058823534 0.11443014705882355 0.13051470588235298
1 0.38534007352941174 0.44669117647058826 0.15303308823529413 0.16911764705882354
1 0.18818933823529413 0.4430147058823529 0.14476102941176475 0.16911764705882354
0 0.09099264705882354 0.78125 0.10753676470588236 0.13235294117647045
0 0.3074448529411765 0.7683823529411765 0.11305147058823525 0.12867647058823536
0 0.4894301470588236 0.765625 0.140625 0.15257352941176464
1 0.6927849264705884 0.7224264705882352 0.14476102941176477 0.19117647058823528
