0 0.14545036764705885 0.5533088235294117 0.15303308823529413 0.13235294117647065
0 0.3143382352941177 0.39522058823529416 0.10753676470588232 0.125
1 0.44462316176470595 0.23621323529411764 0.11718750000000007 0.14522058823529413
0 0.6741727941176471 0.24816176470588233 0.09650735294117652 0.10661764705882351
0 0.6024816176470591 0.5055147058823529 0.14062500000000003 0.18382352941176464
1 0.8251378676470589 0.5523897058823529 0.1557904411764706 0.18566176470588247
0 0.6769301470588236 0.8244485294117646 0.1571691176470589 0.1930147058823529
1 0.47012867647058826 0.8152573529411765 0.12959558823529413 0.20036764705882348
0 0.43497242647058826 0.6011029411764706 0.12821691176470587 0.09926470588235298
0 0.27022058823529416 0.6930147058823529 0.11029411764705883 0.12132352941176464
