0 0.09375 0.16636029411764708 0.1433823529411765 0.15257352941176472
1 0.3522518382352942 0.23621323529411764 0.1337316176470589 0.18198529411764702
0 0.5190716911764706 0.24080882352941174 0.16957720588235298 0.21323529411764708
1 0.7120863970588235 0.27297794117647056 0.1254595588235294 0.1746323529411765
0 0.8982077205882354 0.18566176470588233 0.06755514705882362 0.10294117647058823
0 0.9140625000000001 0.41452205882352944 0.11029411764705883 0.12316176470588232
0 0.7355238970588235 0.510110294117647 0.12821691176470584 0.15992647058823523
0 0.4784007352941177 0.48161764705882354 0.06893382352941181 0.15808823529411767
1 0.3205422794117648 0.4862132352941177 0.15303308823529413 0.20036764705882354
1 0.12959558823529413 0.46139705882352944 0.12959558823529413 0.1654411764705882
1 0.08685661764705883 0.754595588235294 0.1544117647058824 0.20036764705882348
0 0.2881433823529412 0.6810661764705883 0.09099264705882355 0.12316176470588232
0 0.5307904411764706 0.7950367647058821 0.1323529411764706 0.19301470588235284
0 0.7389705882352942 0.7316176470588235 0.04136029411764696 0.07352941176470594
0 0.9133731617647052 0.7031250000000001 0.1116727941176471 0.15624999999999994
