1 0.14476102941176472 0.12867647058823528 0.16819852941176472 0.22058823529411764
1 0.3777573529411765 0.17095588235294115 0.15992647058823525 0.20220588235294115
0 0.5693933823529413 0.25827205882352944 0.15165441176470587 0.17830882352941174
0 0.7472426470588236 0.24908088235294115 0.11580882352941188 0.12683823529411764
1 0.9168198529411765 0.39522058823529405 0.13786764705882348 0.21323529411764702
0 0.7582720588235295 0.49172794117647056 0.07169117647058826 0.11948529411764702
0 0.5645680147058825 0.4862132352941177 0.11718750000000007 0.16727941176470587
0 0.3894761029411765 0.47794117647058826 0.09512867647058826 0.15808823529411767
0 0.20335477941176472 0.4071691176470588 0.12270220588235294 0.14154411764705885
0 0.11443014705882355 0.7803308823529411 0.12959558823529413 0.14522058823529405
0 0.3543198529411765 0.7784926470588235 0.10753676470588236 0.12683823529411753
0 0.5328584558823529 0.7454044117647061 0.12270220588235298 0.20036764705882373
1 0.7403492647058825 0.7123161764705883 0.13786764705882348 0.1783088235294118
1 0.8857996323529413 0.6305147058823529 0.13924632352941188 0.1875
