0 0.14476102941176472 0.13878676470588236 0.16819852941176472 0.1856617647058824
0 0.3446691176470588 0.22242647058823528 0.1047794117647059 0.19117647058823528
0 0.47564338235294124 0.18658088235294115 0.10753676470588232 0.18198529411764708
1 0.6403952205882354 0.19209558823529413 0.15303308823529413 0.20772058823529413
0 0.8396139705882342 0.14246323529411764 0.14062499999999964 0.2003676470588236
0 0.8630514705882354 0.43290441176470584 0.1047794117647058 0.14154411764705885
0 0.9016544117647061 0.7674632352941176 0.11580882352941174 0.1488970588235294
0 0.643841911764706 0.8005514705882354 0.08823529411764695 0.1194852941176471
0 0.6514246323529411 0.6369485294117646 0.06204044117647058 0.06801470588235298
1 0.591452205882353 0.41084558823529416 0.17095588235294124 0.21507352941176477
0 0.40676652892561976 0.3959011909660731 0.08006198347107435 0.09814049586776853
0 0.22081611570247933 0.45185849124155525 0.11105371900826448 0.17906336088154276
0 0.4177427685950413 0.6076780504702053 0.07102272727272727 0.09469696969696968
1 0.5275051652892562 0.667939758459186 0.13300619834710745 0.18767217630853977
0 0.4971590909090909 0.8814383810487177 0.11621900826446264 0.13601928374655642
1 0.3428460743801653 0.8263419623159354 0.14850206611570246 0.1876721763085399
0 0.24793388429752064 0.6662179953737865 0.07231404958677685 0.10847107438016529
1 0.1917613636363636 0.8487248824261282 0.1355888429752066 0.17389807162534454
