1 0.6390801753393665 0.25919117647058826 0.30815186651583715 0.1764705882352941
1 0.5734304298642533 0.06893382352941177 0.4608880090497737 0.13786764705882354
1 0.22374505090497737 0.19301470588235298 0.3671026583710407 0.29411764705882354
1 0.3590639140271493 0.4457720588235295 0.4769654977375566 0.18933823529411764
1 0.2759968891402715 0.6994485294117646 0.33226809954751124 0.2518382352941176
1 0.6846330599547511 0.8511029411764706 0.42069428733031683 0.2977941176470588
1 0.27465709841628955 0.9209558823529411 0.2813560520361991 0.13602941176470595
1 0.06163037330316741 0.8806985266068402 0.11790158371040721 0.23492647619808424
1 0.054931419683257925 0.557904411764706 0.08842618778280543 0.2481617647058824
1 0.5452948246606334 0.5101102941176471 0.32422935520361984 0.20036764705882354
