1 0.1778492647058824 0.234375 0.1709558823529412 0.19669117647058826
1 0.3846507352941177 0.22886029411764702 0.1709558823529412 0.22242647058823528
0 0.7079503676470589 0.13878676470588236 0.04549632352941174 0.10477941176470588
0 0.8692555147058825 0.22886029411764702 0.05652573529411768 0.06801470588235294
0 0.2247242647058824 0.5009191176470589 0.09650735294117649 0.14522058823529413
0 0.3791360294117648 0.5349264705882352 0.0661764705882353 0.05882352941176471
0 0.6272977941176471 0.43014705882352944 0.06341911764705876 0.09926470588235298
1 0.8444393382352942 0.5487132352941176 0.1640625 0.22242647058823523
1 0.837545955882353 0.7977941176470589 0.13097426470588247 0.1801470588235294
1 0.6410845588235294 0.8097426470588235 0.17922794117647065 0.21875
0 0.4728860294117648 0.8667279411764706 0.0744485294117647 0.09007352941176464
1 0.21576286764705885 0.7683823529411765 0.15027573529411764 0.18382352941176464
