0 0.14820772058823534 0.23253676470588233 0.045496323529411756 0.1378676470588235
0 0.44393382352941174 0.23345588235294115 0.0744485294117647 0.16544117647058826
1 0.643841911764706 0.22242647058823528 0.17095588235294115 0.23529411764705885
0 0.8678768382352942 0.39705882352941174 0.07582720588235305 0.10294117647058826
0 0.8795955882352942 0.8501838235294117 0.11580882352941188 0.24080882352941188
0 0.5845588235294119 0.8198529411764706 0.08823529411764702 0.1360294117647058
0 0.5211397058823529 0.5523897058823529 0.07169117647058826 0.1194852941176471
0 0.29434742647058826 0.5238970588235294 0.0758272058823529 0.11764705882352942
0 0.3729319852941177 0.6498161764705883 0.05928308823529413 0.06433823529411768
1 0.16268382352941177 0.5119485294117647 0.15716911764705885 0.2113970588235294
0 0.2109375 0.7821691176470589 0.0772058823529412 0.09007352941176464
0 0.3777573529411765 0.7840073529411765 0.07996323529411768 0.12683823529411753
