1 0.11374080882352944 0.1875 0.14476102941176475 0.1801470588235294
0 0.29434742647058826 0.2196691176470588 0.10891544117647058 0.13786764705882354
0 0.5190716911764706 0.15625 0.08409926470588239 0.08823529411764708
0 0.667279411764706 0.17555147058823528 0.06066176470588239 0.07904411764705883
1 0.8265165441176471 0.20772058823529413 0.15027573529411767 0.17647058823529413
1 0.8713235294117648 0.4476102941176471 0.14338235294117652 0.18198529411764702
1 0.7045036764705884 0.4862132352941177 0.15165441176470595 0.20036764705882354
0 0.44117647058823534 0.458639705882353 0.0661764705882353 0.14154411764705885
0 0.37500000000000006 0.43290441176470584 0.05514705882352942 0.09375
0 0.3095128676470588 0.5101102941176471 0.03998161764705884 0.04595588235294116
0 0.12270220588235294 0.4522058823529412 0.1571691176470588 0.2022058823529411
0 0.23851102941176472 0.7003676470588235 0.07996323529411764 0.13235294117647065
0 0.4432444852941177 0.7261029411764706 0.11443014705882355 0.125
1 0.6665900735294117 0.7996323529411765 0.15303308823529413 0.19852941176470595
0 0.8920036764705884 0.7591911764705881 0.10202205882352942 0.19117647058823523
