0 0.13097426470588236 0.23713235294117646 0.1709558823529412 0.21323529411764702
1 0.42945772058823534 0.265625 0.14751838235294124 0.18933823529411764
0 0.6210937500000001 0.15257352941176472 0.09512867647058826 0.125
0 0.8409926470588236 0.1792279411764706 0.09375 0.09742647058823527
0 0.19990808823529416 0.5569852941176471 0.14889705882352944 0.20955882352941174
0 0.42394301470588247 0.5854779411764706 0.1392463235294118 0.18566176470588233
0 0.6548713235294119 0.5404411764705883 0.13786764705882348 0.18382352941176472
0 0.8465073529411765 0.5376838235294117 0.12683823529411767 0.17830882352941174
0 0.8409926470588232 0.7987132352941175 0.14889705882352935 0.2003676470588236
1 0.6314338235294119 0.8446691176470589 0.12683823529411767 0.1819852941176471
0 0.3522518382352942 0.8961397058823529 0.1392463235294118 0.1672794117647058
0 0.1171875 0.8704044117647058 0.11856617647058824 0.2040441176470587
