0 0.18474264705882354 0.19209558823529413 0.07444852941176473 0.10477941176470588
1 0.39430147058823534 0.16911764705882354 0.14889705882352947 0.18750000000000003
0 0.6011029411764707 0.22518382352941174 0.08272058823529406 0.12683823529411764
1 0.7465533088235295 0.13878676470588236 0.13924632352941174 0.2113970588235294
0 0.7734375 0.38235294117647056 0.060661764705882464 0.09191176470588232
0 0.8954503676470589 0.3621323529411765 0.06204044117647058 0.1397058823529412
0 0.7568933823529411 0.6075367647058824 0.08547794117647058 0.0974264705882353
1 0.7879136029411765 0.8051470588235295 0.1475183823529413 0.1801470588235294
1 0.632123161764706 0.7904411764705881 0.1392463235294116 0.1801470588235294
1 0.4460018382352942 0.7996323529411765 0.15027573529411767 0.19852941176470595
1 0.5507812500000001 0.6102941176470589 0.1585477941176471 0.176470588235294
0 0.5562959558823529 0.3869485294117647 0.0758272058823529 0.12316176470588232
0 0.4260110294117648 0.34650735294117646 0.08547794117647065 0.09742647058823532
0 0.38258272058823534 0.5799632352941176 0.12545955882352947 0.15992647058823523
0 0.3039981617647055 0.8143382352941165 0.12270220588235321 0.14338235294117663
1 0.20473345588235298 0.48621323529411753 0.1723345588235294 0.22242647058823528
