0 0.2522977941176471 0.25735294117647056 0.09650735294117649 0.13970588235294115
0 0.41015625 0.2794117647058824 0.09512867647058826 0.11764705882352945
0 0.6479779411764707 0.1645220588235294 0.08272058823529406 0.10477941176470588
0 0.8051470588235295 0.3400735294117647 0.12959558823529405 0.20955882352941177
0 0.6307444852941176 0.5202205882352942 0.07306985294117652 0.08088235294117652
1 0.37086397058823534 0.4512867647058824 0.1792279411764706 0.21875
0 0.22748161764705885 0.5450367647058824 0.08823529411764702 0.0863970588235295
0 0.3674172794117648 0.6011029411764706 0.06204044117647065 0.05147058823529413
1 0.5983455882352942 0.7380514705882354 0.17095588235294115 0.2518382352941177
0 0.7741268382352932 0.5707720588235291 0.1309742647058809 0.10110294117647106
