0 0.908498640156113 0.5208816705336426 0.17510486931669747 0.39211136890951265
0 0.7891089565310919 0.8225058004640371 0.14781579877383563 0.33178654292343396
0 0.6907545981161937 0.5092807424593968 0.17169373549884 0.35034802784222746
0 0.5418017547364053 0.5893271461716938 0.1353083081083573 0.2505800464037124
0 0.6390190685453511 0.8062645011600922 0.14554170956193024 0.28538283062645015
0 0.4752846452881794 0.868909512761021 0.1728307801047925 0.26218097447795813
0 0.38943777753875936 0.6566125290023203 0.1512269325916934 0.31554524361948966
0 0.3701080192375655 0.35034802784222735 0.17396782471074507 0.3619489559164733
0 0.23821084494706596 0.5661252900232019 0.19216053840598638 0.25522041763341063
0 0.07447642168989413 0.5767981403111858 0.14895284337978826 0.3693735428033462
0 0.13530830810835728 0.8375870069605569 0.15463806640955113 0.283062645011601
0 0.3081390882131497 0.8561484918793504 0.15008988798574083 0.2877030162412993
