0 0.1551011029411765 0.2518382352941177 0.11994485294117646 0.1397058823529412
0 0.3984375 0.14338235294117646 0.14613970588235298 0.24999999999999997
0 0.6017922794117647 0.27849264705882354 0.0703125 0.0974264705882353
1 0.8616727941176472 0.17738970588235292 0.15165441176470595 0.21875
0 0.8968290441176472 0.5165441176470589 0.17509191176470595 0.17279411764705876
0 0.6962316176470589 0.5055147058823529 0.1516544117647058 0.20955882352941174
0 0.41084558823529416 0.47610294117647056 0.17371323529411759 0.20588235294117646
0 0.12477022058823531 0.4981617647058823 0.1475183823529412 0.1213235294117647
0 0.09995404411764713 0.865808823529412 0.16406250000000014 0.20588235294117685
0 0.41015625 0.7454044117647058 0.20818014705882354 0.2113970588235294
0 0.6590073529411765 0.8455882352941176 0.0827205882352942 0.07720588235294117
0 0.8616727941176472 0.7628676470588235 0.15165441176470595 0.1397058823529413
