1 0.6142003676470589 0.22518382352941174 0.1475183823529411 0.24080882352941174
1 0.4494485294117648 0.13143382352941177 0.14889705882352935 0.19301470588235292
0 0.30606617647058826 0.2647058823529412 0.06066176470588235 0.10661764705882351
1 0.13028492647058826 0.30514705882352944 0.1750919117647059 0.21691176470588236
0 0.3150275735294118 0.5193014705882352 0.08134191176470583 0.0974264705882353
0 0.09099264705882355 0.5413602941176471 0.08272058823529413 0.1268382352941176
0 0.3184742647058824 0.6121323529411765 0.06341911764705883 0.05882352941176471
1 0.1006433823529412 0.8042279411764706 0.19301470588235298 0.2628676470588235
1 0.450827205882353 0.84375 0.17371323529411767 0.2279411764705884
0 0.6603860294117648 0.7619485294117646 0.14062500000000008 0.141544117647059
0 0.7741268382352942 0.5992647058823529 0.10891544117647073 0.12132352941176464
0 0.7210477941176472 0.6599264705882352 0.06893382352941174 0.07720588235294108
0 0.8754595588235295 0.45680147058823534 0.0634191176470587 0.07536764705882355
0 0.948529411764706 0.5321691176470588 0.022058823529411534 0.02757352941176455
0 0.7706801470588235 0.3961397058823529 0.08547794117647058 0.08272058823529413
1 0.6390165441176471 0.4678308823529413 0.18336397058823523 0.21874999999999992
0 0.4618566176470588 0.5542279411764706 0.06341911764705892 0.13051470588235298
0 0.5225183823529412 0.5891544117647055 0.033088235294117696 0.060661764705882366
0 0.4784007352941177 0.33639705882352944 0.0413602941176471 0.0772058823529412
