1 0.2405790441176471 0.26286764705882354 0.12821691176470595 0.1691176470588235
1 0.4280790441176471 0.27389705882352944 0.15027573529411767 0.20955882352941174
1 0.6286764705882354 0.22518382352941174 0.1544117647058824 0.21507352941176472
0 0.9030330882352942 0.3005514705882353 0.06893382352941188 0.0790441176470588
1 0.8361672794117648 0.5477941176470589 0.15579044117647073 0.20588235294117652
0 0.6534926470588236 0.484375 0.0827205882352942 0.1672794117647058
1 0.4322150735294118 0.5376838235294117 0.1585477941176471 0.20404411764705876
0 0.2529871323529412 0.48161764705882354 0.13097426470588233 0.1617647058823529
0 0.2902113970588236 0.7012867647058824 0.11443014705882355 0.13051470588235298
0 0.5225183823529412 0.7389705882352942 0.046875 0.0882352941176471
1 0.6659007352941176 0.7821691176470589 0.14613970588235298 0.19669117647058812
1 0.8444393382352942 0.7931985294117646 0.12270220588235305 0.170955882352941
