0 0.08065257352941177 0.18290441176470587 0.10340073529411764 0.13786764705882354
0 0.39499080882352944 0.20220588235294115 0.0647977941176471 0.08455882352941177
0 0.5494025735294117 0.18106617647058823 0.05101102941176471 0.06066176470588237
0 0.7768841911764707 0.19944852941176472 0.05652573529411782 0.07904411764705883
0 0.7424172794117648 0.4816176470588235 0.04825367647058812 0.04779411764705877
1 0.5721507352941176 0.5376838235294117 0.16544117647058812 0.20404411764705876
0 0.3522518382352942 0.5762867647058824 0.08685661764705892 0.19669117647058826
0 0.16819852941176472 0.5238970588235294 0.14613970588235295 0.17647058823529413
0 0.13855698529411767 0.818014705882353 0.07306985294117649 0.10294117647058826
1 0.3956801470588236 0.8465073529411765 0.15716911764705885 0.2113970588235294
1 0.6052389705882354 0.8023897058823529 0.17095588235294124 0.21875
1 0.8988970588235295 0.7904411764705881 0.1764705882352942 0.24632352941176477
