0 0.15372242647058826 0.3584558823529412 0.1116727941176471 0.11764705882352942
1 0.10202205882352942 0.5275735294117646 0.14613970588235298 0.1580882352941176
0 0.2529871323529413 0.6966911764705881 0.0620404411764706 0.08455882352941174
0 0.3777573529411764 0.7637867647058821 0.11580882352941156 0.12316176470588287
0 0.6162683823529411 0.6801470588235294 0.12959558823529413 0.1360294117647058
0 0.8044577205882354 0.5707720588235294 0.1061580882352942 0.11213235294117645
0 0.7134650735294119 0.4375 0.09512867647058826 0.14338235294117646
1 0.8334099264705884 0.2113970588235294 0.16681985294117638 0.22426470588235292
0 0.6624540441176471 0.10202205882352942 0.08961397058823536 0.13419117647058826
0 0.36328124999999994 0.23437499999999978 0.1613051470588239 0.22610294117647028
0 0.4542738970588236 0.48713235294117646 0.07306985294117645 0.10661764705882348
1 0.310202205882353 0.5 0.14338235294117652 0.20588235294117646
