1 0.5094619243046056 0.13878676470588236 0.1894949840401277 0.21507352941176472
1 0.39296910624715 0.36764705882352944 0.18949498404012768 0.23529411764705885
1 0.6158586981304149 0.3630514705882353 0.18794174646602818 0.2040441176470588
1 0.7331281349749201 0.5900735294117646 0.1957079343365254 0.20588235294117646
1 0.8612702348381212 0.8216911764705883 0.20658059735522116 0.22058823529411767
1 0.6453702120383036 0.8391544117647058 0.19104822161422702 0.2113970588235294
1 0.4333532831737345 0.8216911764705883 0.18638850889192887 0.23161764705882348
1 0.1995910282717737 0.8180147058823528 0.20347412220702218 0.2316176470588237
1 0.280359382124943 0.5863970588235294 0.19726117191062464 0.2426470588235295
1 0.5094619243046056 0.59375 0.18638850889192887 0.20220588235294115
