0 0.16819852941176472 0.2104779411764706 0.09926470588235295 0.12316176470588233
0 0.35431985294117646 0.10018382352941177 0.1102941176470588 0.11948529411764706
1 0.5900735294117648 0.14981617647058823 0.15716911764705885 0.20404411764705885
1 0.7644761029411765 0.12683823529411764 0.16130514705882348 0.20955882352941177
0 0.8713235294117648 0.30422794117647056 0.07720588235294117 0.09007352941176464
0 0.7306985294117648 0.3299632352941177 0.14613970588235303 0.11213235294117645
0 0.5680147058823529 0.37959558823529405 0.10753676470588232 0.18198529411764702
0 0.44117647058823534 0.380514705882353 0.0661764705882353 0.11029411764705883
1 0.25919117647058826 0.5533088235294117 0.15716911764705885 0.19485294117647065
0 0.3067555147058824 0.9090073529411765 0.14751838235294115 0.09742647058823536
1 0.4735753676470588 0.8483455882352942 0.15303308823529413 0.20772058823529405
0 0.6472886029411765 0.8511029411764707 0.09237132352941181 0.2132352941176471
0 0.8230698529411765 0.7518382352941176 0.10753676470588232 0.16176470588235303
0 0.7134650735294119 0.6213235294117648 0.08134191176470594 0.11029411764705892
1 0.5080422794117648 0.6056985294117646 0.18336397058823536 0.2334558823529411
1 0.8478860294117649 0.5284926470588234 0.1544117647058824 0.1746323529411764
