0 0.07858455882352942 0.3731617647058824 0.11305147058823532 0.12500000000000003
0 0.35983455882352944 0.35294117647058826 0.10753676470588239 0.12132352941176468
0 0.5335477941176471 0.3612132352941177 0.12132352941176464 0.19301470588235292
0 0.6817555147058827 0.389705882352941 0.13648897058823606 0.18382352941176466
0 0.8713235294117649 0.3897058823529412 0.12132352941176477 0.1470588235294118
0 0.907169117647059 0.6443014705882352 0.09099264705882348 0.10845588235294108
1 0.7127757352941176 0.6222426470588235 0.12959558823529405 0.17463235294117646
0 0.5673253676470589 0.6240808823529411 0.11443014705882355 0.21507352941176464
1 0.37155330882352944 0.6029411764705882 0.15854779411764708 0.19117647058823523
0 0.20266544117647062 0.6488970588235294 0.11305147058823531 0.08823529411764702
