0 0.16284540753919713 0.4044117647058823 0.21798204158790166 0.3088235294117647
0 0.308380476481708 0.19393382352941177 0.21926428889135996 0.318014705882353
0 0.5353382491938175 0.23713235294117646 0.20900631046369406 0.3125
0 0.7610137746024686 0.22794117647058826 0.22952226731902584 0.2830882352941177
0 0.8232027688201936 0.5413602941176471 0.22054653619481812 0.2996323529411764
0 0.8289728816857554 0.8566176470588236 0.20644181585677757 0.2867647058823529
0 0.6000917380184587 0.8428308823529411 0.21541754698098514 0.28860294117647073
0 0.3904443039030357 0.8097426470588235 0.20644181585677746 0.32169117647058826
0 0.3801863254753697 0.5045955882352942 0.20387732124986094 0.29227941176470595
0 0.5956038724563549 0.5404411764705882 0.2192642888913599 0.2904411764705881
0 0.1750267569220505 0.7306985294117646 0.21669979428444347 0.318014705882353
0 0.08975731124207717 0.12224264705882354 0.17951462248415434 0.24448529411764708
0 0.7321632102746579 0.03952205882352941 0.19746608473256985 0.07904411764705882
0 0.5314915072834426 0.03768382352941177 0.17566788057377963 0.07536764705882354
