1 0.12683823529411764 0.19852941176470587 0.15716911764705885 0.21323529411764708
1 0.36672794117647056 0.23253676470588233 0.1544117647058824 0.18198529411764702
0 0.5480238970588236 0.2775735294117647 0.048253676470588334 0.0661764705882353
0 0.6307444852941178 0.23069852941176472 0.05101102941176478 0.10477941176470587
0 0.7541360294117648 0.19944852941176472 0.09650735294117652 0.11948529411764708
0 0.15372242647058826 0.5009191176470589 0.08685661764705883 0.1268382352941176
0 0.38809742647058826 0.5441176470588235 0.0703125 0.10294117647058819
1 0.6107536764705883 0.5073529411764706 0.1488970588235294 0.1948529411764706
0 0.7941176470588236 0.5211397058823529 0.1047794117647058 0.13786764705882354
1 0.1282169117647059 0.8262867647058824 0.15716911764705885 0.2113970588235294
1 0.403952205882353 0.8180147058823529 0.17371323529411764 0.23529411764705885
0 0.603170955882353 0.8299632352941176 0.08409926470588239 0.19301470588235303
1 0.8520220588235295 0.8584558823529411 0.17647058823529405 0.22794117647058812
