1 0.7431066176470589 0.11580882352941176 0.1516544117647058 0.19117647058823528
1 0.5418198529411765 0.18382352941176472 0.14613970588235298 0.1801470588235294
0 0.31640625000000006 0.11948529411764706 0.10615808823529413 0.10661764705882351
0 0.1282169117647059 0.224264705882353 0.1213235294117648 0.12867647058823545
0 0.20886948529411767 0.546875 0.11443014705882351 0.15992647058823523
0 0.3701746323529412 0.3887867647058823 0.06204044117647065 0.07536764705882355
0 0.503216911764706 0.4053308823529412 0.08547794117647058 0.1636029411764706
0 0.6707261029411765 0.34834558823529416 0.1695772058823529 0.13419117647058823
0 0.849264705882353 0.35477941176470584 0.0827205882352942 0.08823529411764706
1 0.8216911764705883 0.5735294117647058 0.15716911764705885 0.18749999999999992
1 0.6266084558823529 0.6277573529411764 0.1585477941176471 0.1893382352941176
1 0.4542738970588236 0.629595588235294 0.16681985294117646 0.20404411764705876
1 0.22817095588235298 0.7794117647058824 0.14476102941176472 0.1764705882352942
1 0.4204963235294118 0.8520220588235293 0.140625 0.1819852941176471
0 0.5928308823529412 0.8943014705882354 0.09650735294117638 0.14522058823529405
0 0.7382812499999999 0.7573529411764701 0.09512867647058827 0.05882352941176481
