0 0.07582720588235295 0.21507352941176472 0.03584558823529413 0.05882352941176471
0 0.07858455882352941 0.46047794117647056 0.13786764705882354 0.15257352941176464
0 0.1123621323529412 0.7628676470588238 0.20266544117647062 0.2169117647058825
0 0.3929227941176471 0.5533088235294117 0.1516544117647059 0.17647058823529413
0 0.40946691176470595 0.16819852941176472 0.07444852941176464 0.10845588235294118
0 0.5976562500000001 0.2775735294117647 0.1006433823529413 0.13970588235294115
0 0.7775735294117648 0.255514705882353 0.08823529411764695 0.1102941176470588
0 0.8589154411764706 0.5588235294117644 0.1902573529411764 0.20955882352941166
0 0.6045496323529413 0.5165441176470589 0.13097426470588233 0.20588235294117652
1 0.392233455882353 0.8253676470588235 0.15027573529411764 0.20588235294117652
0 0.6286764705882354 0.8079044117647058 0.13511029411764702 0.13419117647058826
0 0.8678768382352942 0.8474264705882354 0.15303308823529405 0.21691176470588233
