1 0.21162683823529413 0.24080882352941174 0.1557904411764706 0.19852941176470587
0 0.5018382352941176 0.2647058823529412 0.05514705882352942 0.12867647058823528
1 0.64453125 0.255514705882353 0.1254595588235294 0.1691176470588235
0 0.9326746323529411 0.29044117647058826 0.04273897058823522 0.0772058823529412
1 0.23644301470588236 0.5036764705882353 0.1530330882352941 0.20955882352941174
1 0.4260110294117648 0.5367647058823529 0.15165441176470595 0.2022058823529411
1 0.6514246323529413 0.5597426470588236 0.12821691176470587 0.1709558823529413
0 0.9126838235294119 0.5652573529411765 0.06617647058823536 0.07169117647058819
0 0.26539522058823534 0.7518382352941176 0.10340073529411768 0.125
0 0.4597886029411765 0.7509191176470589 0.07306985294117652 0.09375
0 0.5859375000000001 0.806985294117647 0.05790441176470594 0.08455882352941174
1 0.8106617647058825 0.869485294117647 0.15441176470588233 0.20588235294117638
