1 0.09512867647058824 0.2426470588235294 0.17371323529411764 0.24632352941176466
0 0.3212316176470588 0.06985294117647059 0.06341911764705883 0.07720588235294118
0 0.4370404411764707 0.12591911764705885 0.07720588235294117 0.09007352941176473
1 0.6217830882352942 0.14154411764705885 0.15165441176470587 0.2022058823529412
1 0.8478860294117648 0.16911764705882354 0.16544117647058812 0.20955882352941177
0 0.9430147058823518 0.32720588235294124 0.11029411764705882 0.062499999999999806
1 0.843060661764706 0.474264705882353 0.16681985294117652 0.22794117647058826
0 0.8761488970588238 0.7601102941176471 0.0758272058823529 0.0827205882352942
1 0.6817555147058824 0.3455882352941177 0.1695772058823529 0.18014705882352947
1 0.5197610294117648 0.3318014705882353 0.1351102941176471 0.17830882352941174
0 0.2412683823529412 0.3143382352941176 0.046875 0.13235294117647053
0 0.33088235294117646 0.3023897058823529 0.1102941176470588 0.19301470588235298
0 0.18681066176470595 0.49080882352941174 0.09237132352941177 0.15441176470588233
0 0.3260569852941177 0.5523897058823529 0.1061580882352941 0.14522058823529413
0 0.19921875 0.7490808823529411 0.0868566176470588 0.12316176470588232
1 0.34053308823529416 0.8198529411764706 0.14062499999999997 0.1875
0 0.49908088235294124 0.7251838235294117 0.13786764705882362 0.1966911764705882
0 0.5314797794117648 0.5229779411764706 0.07858455882352935 0.10110294117647058
0 0.6500459558823531 0.6020220588235299 0.06204044117647034 0.08639705882352894
1 0.6755514705882354 0.7720588235294117 0.1488970588235295 0.20220588235294115
