1 0.19232536764705885 0.18566176470588233 0.12270220588235298 0.1617647058823529
0 0.357077205882353 0.22242647058823528 0.07720588235294126 0.10294117647058823
0 0.5976562500000001 0.14338235294117646 0.05101102941176471 0.09191176470588236
0 0.755514705882353 0.22242647058823528 0.07444852941176464 0.08455882352941177
1 0.4487591911764707 0.4549632352941177 0.14476102941176477 0.20036764705882354
1 0.6417738970588235 0.4568014705882352 0.11994485294117638 0.15992647058823528
0 0.7782628676470589 0.4724264705882352 0.037224264705882464 0.0661764705882353
0 0.7589613970588236 0.6792279411764706 0.05652573529411768 0.08639705882352935
0 0.5666360294117647 0.682904411764706 0.09375 0.07536764705882348
0 0.39430147058823534 0.7775735294117646 0.09099264705882355 0.1617647058823529
0 0.1640625 0.8097426470588235 0.12683823529411764 0.12316176470588246
0 0.14476102941176472 0.4806985294117647 0.09375 0.17095588235294115
