0 0.15579044117647062 0.17095588235294115 0.0854779411764706 0.12867647058823528
0 0.3791360294117648 0.11856617647058824 0.07996323529411775 0.10110294117647062
0 0.6693474264705883 0.14246323529411764 0.06479779411764702 0.0900735294117647
1 0.8278952205882354 0.18198529411764702 0.13648897058823536 0.1691176470588235
0 0.8017003676470589 0.3851102941176471 0.0592830882352942 0.06801470588235298
1 0.6293658088235294 0.4503676470588235 0.1502757352941176 0.19117647058823528
0 0.3949908088235295 0.41360294117647056 0.09512867647058826 0.1323529411764706
0 0.25505514705882354 0.5202205882352942 0.06341911764705883 0.08088235294117652
1 0.12683823529411764 0.8106617647058824 0.17371323529411764 0.20588235294117638
0 0.3991268382352942 0.791360294117647 0.0978860294117647 0.13786764705882362
1 0.6231617647058824 0.7362132352941176 0.15165441176470595 0.2077205882352942
0 0.8382352941176472 0.7150735294117646 0.11856617647058826 0.14338235294117638
