1 0.20680147058823534 0.28860294117647056 0.14889705882352947 0.17647058823529405
0 0.42945772058823534 0.25459558823529416 0.12821691176470595 0.2702205882352941
0 0.6893382352941176 0.30790441176470584 0.10477941176470601 0.12683823529411764
0 0.8451286764705883 0.2913602941176471 0.07720588235294117 0.14522058823529413
0 0.8175551470588236 0.53125 0.07996323529411768 0.14705882352941174
0 0.696920955882353 0.5349264705882354 0.1227022058823529 0.2169117647058824
0 0.4108455882352942 0.494485294117647 0.1213235294117647 0.14705882352941174
1 0.20128676470588236 0.5533088235294117 0.140625 0.19117647058823528
0 0.22334558823529416 0.8566176470588235 0.14889705882352944 0.15441176470588247
1 0.43704044117647073 0.822610294117647 0.12959558823529413 0.1819852941176471
0 0.6472886029411765 0.8382352941176471 0.1861213235294118 0.24632352941176464
0 0.8851102941176472 0.8005514705882354 0.12959558823529405 0.1819852941176471
