0 0.2578125 0.18382352941176472 0.057904411764705906 0.1323529411764706
1 0.3894761029411765 0.1746323529411765 0.1530330882352942 0.1801470588235294
0 0.5659466911764706 0.23161764705882354 0.10340073529411761 0.15441176470588236
0 0.7720588235294119 0.24908088235294115 0.09650735294117652 0.13051470588235292
1 0.8037683823529411 0.4696691176470588 0.1461397058823529 0.1966911764705882
0 0.6162683823529411 0.4696691176470588 0.05238970588235297 0.09375
0 0.5431985294117647 0.4191176470588235 0.046875 0.05882352941176471
1 0.39430147058823534 0.4678308823529412 0.17095588235294124 0.21507352941176464
1 0.1171875 0.46047794117647056 0.15165441176470587 0.2113970588235294
0 0.11718750000000001 0.8033088235294117 0.03584558823529413 0.04779411764705884
1 0.3970588235294118 0.7261029411764706 0.1323529411764706 0.16911764705882348
0 0.5948988970588236 0.6746323529411764 0.0703125 0.09558823529411761
1 0.8864889705882354 0.760110294117647 0.140625 0.19669117647058826
