0 0.11374080882352942 0.2555147058823529 0.10891544117647058 0.20588235294117646
0 0.3301930147058824 0.26286764705882354 0.06204044117647062 0.1102941176470588
1 0.6066176470588236 0.14430147058823528 0.1764705882352942 0.24816176470588233
0 0.9402573529411765 0.234375 0.06066176470588232 0.10845588235294117
0 0.78515625 0.4972426470588235 0.1254595588235294 0.15992647058823528
1 0.59765625 0.4724264705882352 0.18060661764705876 0.2536764705882353
0 0.8616727941176472 0.8152573529411765 0.11580882352941174 0.11213235294117652
0 0.38465073529411753 0.8354779411764705 0.14613970588235298 0.18566176470588214
0 0.21645220588235298 0.7012867647058824 0.09375000000000004 0.11580882352941174
1 0.12201286764705883 0.5238970588235294 0.1778492647058824 0.2205882352941176
0 0.333639705882353 0.5799632352941176 0.0413602941176471 0.04963235294117645
0 0.6362591911764705 0.8042279411764711 0.07858455882352902 0.1158088235294118
