1 0.15923713235294118 0.21415441176470587 0.16681985294117646 0.20404411764705885
1 0.15303308823529413 0.520220588235294 0.15992647058823534 0.2279411764705882
1 0.15303308823529413 0.8648897058823529 0.19301470588235298 0.22242647058823536
1 0.4356617647058823 0.832720588235294 0.19301470588235298 0.22058823529411767
0 0.6479779411764707 0.796875 0.11029411764705892 0.12316176470588232
0 0.8857996323529413 0.7683823529411765 0.09237132352941188 0.1875
0 0.8837316176470589 0.39522058823529416 0.09375 0.08088235294117652
0 0.8706341911764707 0.5147058823529411 0.05376838235294116 0.07720588235294124
1 0.6962316176470589 0.5211397058823529 0.16544117647058834 0.20036764705882354
0 0.46875000000000006 0.5395220588235294 0.0882352941176471 0.10845588235294117
0 0.7941176470588236 0.25 0.0827205882352942 0.1433823529411765
1 0.6183363970588236 0.20220588235294115 0.16130514705882354 0.1948529411764706
1 0.4253216911764707 0.22518382352941174 0.17509191176470595 0.22242647058823528
