0 0.1440716911764706 0.2665441176470588 0.09512867647058824 0.11764705882352942
1 0.27022058823529416 0.1323529411764706 0.13786764705882348 0.20588235294117646
1 0.41773897058823534 0.14154411764705882 0.14613970588235298 0.22058823529411764
0 0.5873161764705883 0.13419117647058823 0.13511029411764702 0.20588235294117646
0 0.878216911764706 0.23713235294117646 0.06341911764705883 0.15808823529411764
0 0.8451286764705884 0.44852941176470584 0.08547794117647058 0.10661764705882348
0 0.8809742647058825 0.5514705882352942 0.06066176470588232 0.06985294117647058
0 0.6900275735294119 0.667279411764706 0.10064338235294124 0.1654411764705882
1 0.6796875 0.3492647058823529 0.1847426470588234 0.22426470588235298
0 0.43014705882352944 0.4099264705882352 0.05514705882352935 0.0661764705882353
0 0.5238970588235294 0.46507352941176466 0.04411764705882348 0.04411764705882355
1 0.2909007352941177 0.3428308823529412 0.16819852941176475 0.20036764705882348
0 0.06755514705882354 0.4705882352941177 0.049632352941176475 0.0698529411764705
0 0.380514705882353 0.6148897058823529 0.05514705882352942 0.08272058823529413
0 0.5114889705882354 0.6838235294117646 0.09650735294117652 0.16176470588235298
0 0.6659007352941176 0.8262867647058824 0.09099264705882348 0.13051470588235303
1 0.8685661764705883 0.7582720588235294 0.17095588235294115 0.23345588235294115
0 0.4811580882352942 0.9733455882352942 0.07169117647058826 0.05330882352941174
0 0.16957720588235298 0.8106617647058824 0.10202205882352944 0.11764705882352942
0 0.402121550863655 0.8610975677900384 0.05084934732037745 0.05147711704038215
