1 0.11081297438330169 0.10753676470588236 0.1897118121442125 0.16727941176470587
1 0.10815346299810245 0.36580882352941174 0.15247865275142314 0.1727941176470588
1 0.36258005218216316 0.37040441176470584 0.16843572106261856 0.19669117647058826
1 0.3634665559772296 0.6387867647058824 0.16311669829222009 0.1709558823529411
1 0.621439160341556 0.640625 0.16488970588235305 0.17830882352941166
1 0.621439160341556 0.9034926470588235 0.16488970588235305 0.16727941176470595
1 0.8732062381404174 0.9016544117647058 0.1861657969639468 0.19669117647058826
1 0.374991105313093 0.900735294117647 0.17907376660341556 0.1801470588235294
1 0.11435898956356735 0.8998161764705883 0.17198173624288426 0.18198529411764697
1 0.10903996679316891 0.6295955882352942 0.1790737666034156 0.1819852941176471
