1 0.14958639705882354 0.15900735294117646 0.13924632352941177 0.17095588235294115
1 0.16750919117647062 0.4090073529411765 0.1309742647058824 0.17095588235294124
0 0.1826746323529412 0.7270220588235294 0.05652573529411768 0.09742647058823536
0 0.251608455882353 0.6727941176470589 0.05652573529411768 0.04779411764705884
1 0.4032628676470588 0.7169117647058824 0.1668198529411765 0.2022058823529411
0 0.643841911764706 0.7362132352941176 0.0689338235294116 0.15257352941176477
0 0.7389705882352942 0.5818014705882354 0.13235294117647073 0.16727941176470587
1 0.8582261029411765 0.8612132352941176 0.1475183823529413 0.18933823529411767
0 0.7624080882352942 0.3575367647058823 0.07996323529411768 0.10477941176470587
1 0.5900735294117648 0.40165441176470584 0.129595588235294 0.14522058823529405
0 0.6514246323529411 0.18841911764705885 0.07031249999999993 0.13419117647058823
1 0.5121783088235294 0.15441176470588236 0.13648897058823528 0.15441176470588236
1 0.3619025735294118 0.1819852941176471 0.15027573529411767 0.16176470588235298
1 0.3694852941176471 0.4319852941176471 0.1433823529411765 0.18382352941176472
