0 0.21024816176470587 0.34834558823529416 0.11167279411764706 0.1047794117647059
0 0.4322150735294118 0.30514705882352944 0.0703125 0.09191176470588232
0 0.7182904411764706 0.1047794117647059 0.07996323529411768 0.13235294117647062
1 0.8527113970588236 0.20588235294117646 0.15027573529411767 0.1948529411764706
1 0.10822610294117649 0.5413602941176471 0.18060661764705885 0.23713235294117638
1 0.3501838235294118 0.4963235294117648 0.140625 0.19117647058823528
0 0.3026194852941177 0.8612132352941176 0.06204044117647062 0.06433823529411768
0 0.4404871323529412 0.7288602941176471 0.08134191176470587 0.09007352941176464
0 0.7182904411764707 0.8143382352941176 0.12959558823529405 0.19117647058823523
0 0.838924632352941 0.5762867647058814 0.10064338235294093 0.07536764705882346
1 0.593464958305133 0.46534222495922933 0.19209753432142598 0.23413908223688956
0 0.7428741516662423 0.43364936576141827 0.09895933586255257 0.150055986405962
