1 0.23364321843387031 0.3170955882352941 0.1993958411390033 0.22242647058823528
1 0.42771168977144997 0.3658088235294115 0.20091794679655323 0.21691176470588186
1 0.5654622517796928 0.16727941176470587 0.19939584113900338 0.19852941176470587
1 0.632434900711877 0.4117647058823529 0.16286530535781188 0.22426470588235298
1 0.8386802173098539 0.45955882352941174 0.18265267890595724 0.21691176470588233
1 0.2937663919070813 0.5441176470588236 0.179608467590858 0.2132352941176471
1 0.15677688272761336 0.7297794117647058 0.19787373548145376 0.2352941176470587
1 0.3691106219557887 0.7950367647058821 0.19026320719370549 0.21874999999999997
1 0.49316223304608464 0.5882352941176471 0.17960846759085797 0.1948529411764706
1 0.5647011989509179 0.8400735294117646 0.17352004496065931 0.20588235294117638
1 0.692558074185088 0.6553308823529411 0.18874110153615584 0.20772058823529413
