0 0.1661305147058824 0.2426470588235294 0.07582720588235294 0.08823529411764706
0 0.08685661764705882 0.39338235294117646 0.1516544117647059 0.15808823529411764
1 0.17095588235294115 0.760110294117647 0.1875 0.24080882352941174
1 0.36397058823529416 0.802389705882353 0.19025735294117646 0.22610294117647078
0 0.6017922794117648 0.7959558823529411 0.16681985294117652 0.23161764705882348
0 0.8409926470588236 0.8483455882352942 0.140625 0.2113970588235294
0 0.9099264705882354 0.5707720588235294 0.15992647058823536 0.15992647058823536
0 0.6004136029411765 0.5027573529411765 0.13373161764705885 0.23713235294117646
0 0.3846507352941177 0.4568014705882353 0.21231617647058826 0.20404411764705885
0 0.3846507352941177 0.1819852941176471 0.1378676470588235 0.16176470588235298
0 0.5569852941176471 0.23621323529411764 0.0661764705882353 0.10110294117647058
0 0.814108455882353 0.18198529411764702 0.08409926470588246 0.1691176470588235
