0 0.23713235294117652 0.2693014705882353 0.08823529411764713 0.11948529411764706
1 0.5232077205882354 0.171875 0.1971507352941176 0.2371323529411765
0 0.7686121323529411 0.22150735294117646 0.17509191176470595 0.1636029411764706
0 0.4549632352941177 0.589154411764706 0.09375000000000007 0.11948529411764702
0 0.556295955882353 0.46415441176470584 0.03998161764705877 0.07536764705882348
1 0.2757352941176471 0.4963235294117647 0.1764705882352941 0.23161764705882362
0 0.24678308823529413 0.9136029411764706 0.11029411764705883 0.0735294117647058
0 0.4728860294117648 0.7849264705882354 0.10202205882352935 0.1323529411764706
0 0.7527573529411765 0.8106617647058824 0.09099264705882348 0.11764705882352942
0 0.7313878676470589 0.41452205882352944 0.0592830882352942 0.07536764705882355
