0 0.860983455882353 0.46231617647058826 0.051011029411764636 0.09374999999999993
0 0.9375 0.5652573529411764 0.033088235294117536 0.0569852941176471
0 0.7693014705882355 0.6387867647058826 0.12683823529411803 0.18198529411764752
1 0.7479319852941176 0.3474264705882353 0.17509191176470595 0.22058823529411767
1 0.7306985294117649 0.1056985294117647 0.16819852941176477 0.20404411764705885
1 0.5859375000000001 0.27849264705882354 0.1213235294117647 0.1709558823529412
1 0.6183363970588236 0.4880514705882352 0.16957720588235303 0.21507352941176472
0 0.6362591911764707 0.7886029411764707 0.14751838235294115 0.1617647058823529
1 0.4439338235294118 0.8584558823529411 0.17095588235294115 0.2132352941176471
0 0.31709558823529416 0.6277573529411765 0.06341911764705883 0.07169117647058819
1 0.28952205882352944 0.484375 0.15992647058823528 0.20036764705882354
1 0.44186580882352944 0.3455882352941177 0.1640625 0.2022058823529412
0 0.46254595588235303 0.5652573529411764 0.08134191176470587 0.11213235294117652
1 0.2957261029411765 0.28125 0.14200367647058826 0.18382352941176475
1 0.1371783088235294 0.3262867647058824 0.15854779411764708 0.21139705882352947
0 0.10064338235294118 0.542279411764706 0.0744485294117647 0.09558823529411761
1 0.09857536764705883 0.8207720588235293 0.19715073529411767 0.24080882352941174
