0 0.439108455882353 0.17095588235294115 0.0758272058823529 0.16911764705882354
1 0.6596966911764707 0.16176470588235292 0.1723345588235294 0.20955882352941174
1 0.23782169117647065 0.24908088235294115 0.1475183823529412 0.1930147058823529
1 0.2426470588235294 0.44669117647058826 0.15441176470588236 0.18382352941176472
1 0.3088235294117647 0.6599264705882354 0.15441176470588233 0.21323529411764702
1 0.29296875000000006 0.9108455882352942 0.14751838235294124 0.17830882352941174
1 0.4443370400205707 0.7784926470588235 0.1524608447470241 0.18566176470588236
0 0.54052446581819 0.7795920601694672 0.03453452256355018 0.07352941176470591
0 0.4511189618597253 0.5494976568918056 0.09039883968067124 0.10169869464075504
0 0.6088461040108961 0.5607975118518894 0.059324238540440465 0.08914330024066175
1 0.8306057576025424 0.8244607942538468 0.16384789692121643 0.2121861653615751
1 0.8574429131327418 0.43587133757096214 0.11959013166088794 0.1782866004813235
0 0.7430318816618925 0.5940693070121366 0.05649927480041967 0.06779912976050334
0 0.6747619246113855 0.38690529941059865 0.0555576202204125 0.08035452416059648
0 0.7576275276520006 0.45407665945109726 0.0310746011402307 0.03641064376027032
1 0.3816996840058337 0.34750243072435594 0.13900704910063208 0.18686193485658728
1 0.551470588235294 0.35813684978123494 0.14584346135148266 0.19597715119105488
