0 0.3556644178289872 0.5147058823529411 0.3776190115221346 0.4779411764705881
0 0.7238743177683444 0.49172794117647056 0.316146149181322 0.44669117647058826
0 0.9541464523953911 0.36323529131272253 0.09170709520921776 0.4176470532136804
0 0.8750473771983018 0.817095588235294 0.2421278047301395 0.3658088235294118
0 0.557646679805943 0.8318014705882354 0.3951826864766525 0.3253676470588236
0 0.17814584596725289 0.8522058795480167 0.35629169193450577 0.2845588291392607
0 0.07778198908429351 0.5341911736656638 0.15556397816858702 0.436029406154857
0 0.1511730594299575 0.15441176470588236 0.302346118859915 0.3088235294117647
0 0.47735559429957547 0.1259191176470588 0.3726008186779868 0.2518382352941176
0 0.8330825500303214 0.12408088235294118 0.3338348999393573 0.24816176470588236
