1 0.7589613970588238 0.1792279411764706 0.1585477941176471 0.20772058823529413
1 0.5914522058823529 0.20036764705882354 0.1461397058823529 0.17647058823529413
1 0.4901194852941178 0.3731617647058823 0.15303308823529413 0.18014705882352938
1 0.34673713235294124 0.2674632352941177 0.13373161764705885 0.19301470588235292
0 0.2054227941176471 0.3602941176470588 0.07996323529411764 0.07720588235294117
0 0.1240808823529412 0.6130514705882354 0.08272058823529413 0.10477941176470587
0 0.20059742647058826 0.8943014705882354 0.05928308823529413 0.06433823529411768
0 0.421875 0.6773897058823529 0.08272058823529413 0.1047794117647058
0 0.39774816176470595 0.5073529411764706 0.051011029411764636 0.09926470588235298
0 0.26677389705882354 0.6047794117647058 0.05101102941176471 0.05882352941176471
0 0.7169117647058825 0.5726102941176471 0.05514705882352956 0.08639705882352942
1 0.6569393382352942 0.38327205882352944 0.15027573529411767 0.18933823529411767
0 0.7755055147058825 0.3915441176470587 0.05376838235294132 0.07352941176470587
1 0.8561580882352945 0.4540441176470588 0.02205882352941174 0.03676470588235293
1 0.8830422794117648 0.645220588235294 0.15854779411764697 0.2205882352941176
0 0.6424632352941176 0.8189338235294117 0.02757352941176478 0.06433823529411768
1 0.5528492647058824 0.8115808823529411 0.1461397058823529 0.18933823529411767
1 0.5631893382352942 0.5836397058823529 0.1778492647058824 0.2297794117647058
0 0.3818933823529412 0.9641544117647058 0.05790441176470587 0.07169117647058826
