1 0.09099264705882354 0.3446691176470588 0.12683823529411764 0.14889705882352947
0 0.24609375 0.36213235294117646 0.0813419117647059 0.09191176470588232
0 0.45565257352941174 0.26838235294117646 0.0896139705882353 0.1213235294117647
0 0.6107536764705883 0.291360294117647 0.046875 0.03860294117647062
1 0.784466911764706 0.3106617647058824 0.1295955882352942 0.18750000000000003
0 0.8630514705882354 0.5753676470588236 0.1047794117647058 0.1617647058823529
1 0.8451286764705884 0.8483455882352942 0.11856617647058826 0.1709558823529413
1 0.655560661764706 0.5726102941176471 0.13373161764705885 0.1856617647058824
0 0.42876838235294124 0.49080882352941174 0.06893382352941174 0.05882352941176471
0 0.2757352941176471 0.5202205882352942 0.06893382352941177 0.06617647058823536
0 0.3088235294117647 0.6130514705882353 0.03308823529411765 0.03125
0 0.1089154411764706 0.5799632352941176 0.14889705882352944 0.13419117647058826
0 0.16957720588235298 0.7922794117647058 0.08823529411764705 0.125
1 0.29296875000000006 0.8529411764705883 0.1309742647058824 0.16176470588235303
1 0.46737132352941174 0.880514705882353 0.15165441176470587 0.1801470588235294
0 0.7155330882352942 0.8520220588235293 0.07996323529411768 0.19669117647058826
