1 0.10124012291483758 0.10018382352941177 0.20248024582967517 0.20036764705882354
1 0.37100801141352063 0.11213235294117645 0.2506310359964881 0.2242647058823529
1 0.654974209833187 0.12408088235294117 0.25063103599648817 0.24816176470588233
1 0.8987873134328359 0.125 0.20242537313432835 0.25
1 0.8907621817383671 0.47794117647058826 0.218475636523266 0.3676470588235293
1 0.6327507682177349 0.4632352941176471 0.25803884986830555 0.3419117647058823
1 0.3537231123792801 0.4549632352941177 0.28026229148375764 0.3731617647058824
1 0.10185744073748904 0.44687499719507556 0.20371488147497807 0.36066175909603343
1 0.09877085162423178 0.8455882352941176 0.19754170324846357 0.3088235294117648
1 0.3543404302019315 0.8428308823529411 0.23458077260755048 0.3143382352941177
1 0.6321334503950834 0.8465073529411765 0.24692712906057948 0.3069852941176471
1 0.8876755926251099 0.8556985294117646 0.22464881474978043 0.28860294117647056
