0 0.22679227941176472 0.4080882352941177 0.05652573529411765 0.10661764705882355
0 0.2853860294117647 0.20955882352941174 0.12683823529411764 0.21691176470588233
1 0.5535386029411765 0.1884191176470588 0.16130514705882354 0.2261029411764706
0 0.761029411764706 0.26286764705882343 0.1351102941176472 0.1948529411764706
0 0.889935661764706 0.47150735294117646 0.14751838235294115 0.20036764705882348
0 0.7755055147058824 0.5873161764705882 0.0868566176470587 0.15992647058823523
0 0.73828125 0.7904411764705881 0.11994485294117652 0.1801470588235294
0 0.5045955882352942 0.807904411764706 0.09650735294117645 0.20036764705882348
0 0.3515625 0.7665441176470589 0.11305147058823532 0.1617647058823529
0 0.1240808823529412 0.6323529411764707 0.03860294117647058 0.04044117647058826
1 0.32950367647058826 0.5349264705882354 0.1351102941176471 0.17647058823529413
0 0.5383731617647061 0.4944852941176468 0.13373161764705824 0.17279411764705854
