1 0.09237132352941177 0.22794117647058826 0.140625 0.17279411764705885
0 0.24747242647058826 0.23805147058823528 0.0647977941176471 0.1047794117647059
0 0.5142463235294121 0.21599264705882354 0.08823529411764679 0.1084558823529412
0 0.685202205882353 0.23345588235294115 0.046875 0.06617647058823525
1 0.8278952205882354 0.21783088235294115 0.14200367647058826 0.18933823529411764
0 0.9188878676470589 0.5137867647058824 0.1227022058823529 0.15257352941176472
1 0.6948529411764706 0.5055147058823529 0.15441176470588233 0.19852941176470587
0 0.5183823529411765 0.43106617647058826 0.07169117647058826 0.0974264705882353
0 0.3108915441176471 0.4825367647058821 0.09512867647058837 0.1819852941176469
0 0.053079044117647065 0.44393382352941174 0.09237132352941177 0.14522058823529413
0 0.1599264705882353 0.8033088235294119 0.0772058823529412 0.11764705882352942
0 0.3446691176470588 0.8125 0.11580882352941181 0.09926470588235305
1 0.514935661764706 0.7931985294117646 0.16681985294117646 0.2113970588235294
0 0.7679227941176471 0.7821691176470589 0.08547794117647073 0.16360294117647073
1 0.8988970588235295 0.7830882352941176 0.1323529411764706 0.16176470588235303
