0 0.1592371323529412 0.21783088235294115 0.12545955882352944 0.18566176470588236
1 0.13855698529411767 0.484375 0.1750919117647059 0.2261029411764706
0 0.18060661764705885 0.8483455882352942 0.1213235294117647 0.1415441176470587
0 0.3556985294117648 0.8455882352941176 0.12683823529411772 0.16176470588235303
1 0.59765625 0.7527573529411765 0.1502757352941176 0.19669117647058826
0 0.8017003676470589 0.7941176470588235 0.1061580882352942 0.13602941176470595
0 0.7989430147058824 0.5643382352941176 0.1006433823529413 0.1764705882352942
0 0.8354779411764707 0.22518382352941174 0.13511029411764697 0.1636029411764706
0 0.6286764705882354 0.27941176470588236 0.11029411764705883 0.1580882352941176
1 0.3853400735294118 0.5027573529411764 0.1557904411764706 0.2113970588235294
0 0.3770680147058824 0.15441176470588236 0.15579044117647062 0.1801470588235294
