0 0.13882063882063883 0.2595236514155433 0.1769041769041769 0.2813157137481462
0 0.35626535626535627 0.2506087168249331 0.2014742014742015 0.3110321623835138
0 0.4686732186732187 0.4645671469995794 0.1584766584766585 0.24367487881001396
0 0.6259213759213759 0.33876751444319014 0.1977886977886979 0.31697545211058725
0 0.7936117936117936 0.5616408792084467 0.2014742014742015 0.31895654868627843
0 0.9103194103194104 0.3397580627310357 0.1425061425061425 0.22386391305310227
0 0.6216216216216216 0.6299887110697922 0.171990171990172 0.2892401000509109
0 0.45761670761670764 0.7627221816411006 0.18796068796068796 0.2852779068995284
0 0.30773955773955775 0.5537164929056821 0.19041769041769044 0.2634858445669256
0 0.13636363636363635 0.644846935387476 0.27027027027027023 0.4774442747415719
