1 0.1640625 0.171875 0.15716911764705882 0.1893382352941176
0 0.3081341911764707 0.2316176470588235 0.039981617647058876 0.07720588235294117
0 0.5673253676470589 0.2472426470588235 0.08685661764705892 0.11213235294117645
0 0.755514705882353 0.2261029411764706 0.06617647058823536 0.1139705882352941
0 0.8616727941176471 0.5634191176470589 0.14338235294117652 0.17463235294117652
0 0.5859375000000001 0.5027573529411765 0.20128676470588247 0.15992647058823528
0 0.3329503676470588 0.39430147058823534 0.15854779411764708 0.13786764705882354
0 0.1516544117647059 0.4053308823529412 0.12683823529411764 0.1783088235294118
0 0.10340073529411764 0.7720588235294117 0.1792279411764706 0.23161764705882348
0 0.3681066176470588 0.7729779411764707 0.09099264705882355 0.17830882352941174
1 0.5831801470588236 0.7959558823529411 0.16268382352941166 0.21691176470588233
0 0.8471966911764707 0.8235294117647058 0.16957720588235303 0.2242647058823529
